-81.7276079999968,39.8237564
-81.7283691999968,39.8237564
-81.7291303999968,39.8237564
-81.7298915999968,39.8237564
-81.7306527999968,39.8237564
-81.7314139999968,39.8237564
-81.7321751999968,39.8237564
-81.7329363999968,39.8237564
-81.7336975999968,39.8237564
-81.7344587999968,39.8237564
-81.7352199999968,39.8237564
-81.7359811999968,39.8237564
-81.7367423999968,39.8237564
-81.7375035999968,39.8237564
-81.7382647999968,39.8237564
-81.7390259999968,39.8237564
-81.7397871999968,39.8237564
-81.7405483999968,39.8237564
-81.7413095999968,39.8237564
-81.7420707999968,39.8237564
-81.7428319999968,39.8237564
-81.7435931999968,39.8237564
-81.7443543999968,39.8237564
-81.7451155999968,39.8237564
-81.7458767999968,39.8237564
-81.74663799999679,39.8237564
-81.74739919999679,39.8237564
-81.74816039999679,39.8237564
-81.74892159999679,39.8237564
-81.74968279999679,39.8237564
-81.75044399999679,39.8237564
-81.75120519999679,39.8237564
-81.75196639999679,39.8237564
-81.75272759999679,39.8237564
-81.75348879999679,39.8237564
-81.75424999999679,39.8237564
-81.75501119999679,39.8237564
-81.75577239999679,39.8237564
-81.75653359999679,39.8237564
-81.75729479999679,39.8237564
-81.75805599999678,39.8237564
-81.75881719999678,39.8237564
-81.75957839999678,39.8237564
-81.76033959999678,39.8237564
-81.76110079999678,39.8237564
-81.76186199999678,39.8237564
-81.76262319999678,39.8237564
-81.76338439999678,39.8237564
-81.76414559999678,39.8237564
-81.76490679999678,39.8237564
-81.76566799999678,39.8237564
-81.76642919999678,39.8237564
-81.76719039999678,39.8237564
-81.76795159999678,39.8237564
-81.76871279999678,39.8237564
-81.76947399999678,39.8237564
-81.77023519999678,39.8237564
-81.77099639999678,39.8237564
-81.77175759999677,39.8237564
-81.77251879999677,39.8237564
-81.77327999999677,39.8237564
-81.77404119999677,39.8237564
-81.77480239999677,39.8237564
-81.77556359999677,39.8237564
-81.77632479999677,39.8237564
-81.77708599999677,39.8237564
-81.77784719999677,39.8237564
-81.77860839999677,39.8237564
-81.77936959999677,39.8237564
-81.78013079999677,39.8237564
-81.78089199999677,39.8237564
-81.78165319999677,39.8237564
-81.78241439999677,39.8237564
-81.78317559999677,39.8237564
-81.78393679999677,39.8237564
-81.78469799999677,39.8237564
-81.78545919999677,39.8237564
-81.78622039999676,39.8237564
-81.78698159999676,39.8237564
-81.78774279999676,39.8237564
-81.78850399999676,39.8237564
-81.78926519999676,39.8237564
-81.79002639999676,39.8237564
-81.79078759999676,39.8237564
-81.79154879999676,39.8237564
-81.79230999999676,39.8237564
-81.79307119999676,39.8237564
-81.79383239999676,39.8237564
-81.79459359999676,39.8237564
-81.79535479999676,39.8237564
-81.79611599999676,39.8237564
-81.79687719999676,39.8237564
-81.79763839999676,39.8237564
-81.79839959999676,39.8237564
-81.79916079999676,39.8237564
-81.79992199999676,39.8237564
-81.80068319999675,39.8237564
-81.80144439999675,39.8237564
-81.80220559999675,39.8237564
-81.80296679999675,39.8237564
-81.80296679999675,39.82317184
-81.80372799999675,39.82317184
-81.80448919999675,39.82317184
-81.80525039999675,39.82317184
-81.80601159999675,39.82317184
-81.80677279999675,39.82317184
-81.80753399999675,39.82317184
-81.80829519999675,39.82317184
-81.80905639999675,39.82317184
-81.80981759999675,39.82317184
-81.81057879999675,39.82317184
-81.81133999999675,39.82317184
-81.81210119999675,39.82317184
-81.81286239999675,39.82317184
-81.81362359999675,39.82317184
-81.81438479999674,39.82317184
-81.81514599999674,39.82317184
-81.81590719999674,39.82317184
-81.81666839999674,39.82317184
-81.81742959999674,39.82317184
-81.81819079999674,39.82317184
-81.81895199999674,39.82317184
-81.81971319999674,39.82317184
-81.82047439999674,39.82317184
-81.82123559999674,39.82317184
-81.82199679999674,39.82317184
-81.82275799999674,39.82317184
-81.82351919999674,39.82317184
-81.82428039999674,39.82317184
-81.82504159999674,39.82317184
-81.82580279999674,39.82317184
-81.82656399999674,39.82317184
-81.82732519999674,39.82317184
-81.82808639999674,39.82317184
-81.82884759999673,39.82317184
-81.82960879999673,39.82317184
-81.83036999999673,39.82317184
-81.83113119999673,39.82317184
-81.83189239999673,39.82317184
-81.83265359999673,39.82317184
-81.83341479999673,39.82317184
-81.83417599999673,39.82317184
-81.83493719999673,39.82317184
-81.83569839999673,39.82317184
-81.83645959999673,39.82317184
-81.83722079999673,39.82317184
-81.83798199999673,39.82317184
-81.83874319999673,39.82317184
-81.83950439999673,39.82317184
-81.84026559999673,39.82317184
-81.84102679999673,39.82317184
-81.84178799999673,39.82317184
-81.84254919999672,39.82317184
-81.84331039999672,39.82317184
-81.84407159999672,39.82317184
-81.84483279999672,39.82317184
-81.84559399999672,39.82317184
-81.84635519999672,39.82317184
-81.84711639999672,39.82317184
-81.84787759999672,39.82317184
-81.84863879999672,39.82317184
-81.84939999999672,39.82317184
-81.85016119999672,39.82317184
-81.85092239999672,39.82317184
-81.85168359999672,39.82317184
-81.85244479999672,39.82317184
-81.85320599999672,39.82317184
-81.85396719999672,39.82317184
-81.85472839999672,39.82317184
-81.85548959999672,39.82317184
-81.85625079999672,39.82317184
-81.85701199999671,39.82317184
-81.85777319999671,39.82317184
-81.85853439999671,39.82317184
-81.85929559999671,39.82317184
-81.86005679999671,39.82317184
-81.86081799999671,39.82317184
-81.86157919999671,39.82317184
-81.86234039999671,39.82317184
-81.86310159999671,39.82317184
-81.86386279999671,39.82317184
-81.86462399999671,39.82317184
-81.86538519999671,39.82317184
-81.86614639999671,39.82317184
-81.86690759999671,39.82317184
-81.86766879999671,39.82317184
-81.8684299999967,39.82317184
-81.8691911999967,39.82317184
-81.8699523999967,39.82317184
-81.8707135999967,39.82317184
-81.8714747999967,39.82317184
-81.8722359999967,39.82317184
-81.8729971999967,39.82317184
-81.8737583999967,39.82317184
-81.8745195999967,39.82317184
-81.8752807999967,39.82317184
-81.8760419999967,39.82317184
-81.8768031999967,39.82317184
-81.8775643999967,39.82317184
-81.8783255999967,39.82317184
-81.8783255999967,39.82258728
-81.8790867999967,39.82258728
-81.8798479999967,39.82258728
-81.8806091999967,39.82258728
-81.8813703999967,39.82258728
-81.8821315999967,39.82258728
-81.8828927999967,39.82258728
-81.8836539999967,39.82258728
-81.8844151999967,39.82258728
-81.8851763999967,39.82258728
-81.8859375999967,39.82258728
-81.8866987999967,39.82258728
-81.8874599999967,39.82258728
-81.88822119999669,39.82258728
-81.88898239999669,39.82258728
-81.88974359999669,39.82258728
-81.89050479999669,39.82258728
-81.89126599999669,39.82258728
-81.89202719999669,39.82258728
-81.89278839999669,39.82258728
-81.89354959999669,39.82258728
-81.89431079999669,39.82258728
-81.89507199999669,39.82258728
-81.89583319999669,39.82258728
-81.89659439999669,39.82258728
-81.89735559999669,39.82258728
-81.89811679999669,39.82258728
-81.89887799999669,39.82258728
-81.89963919999668,39.82258728
-81.90040039999668,39.82258728
-81.90116159999668,39.82258728
-81.90192279999668,39.82258728
-81.90268399999668,39.82258728
-81.90344519999668,39.82258728
-81.90420639999668,39.82258728
-81.90496759999668,39.82258728
-81.90572879999668,39.82258728
-81.90648999999668,39.82258728
-81.90725119999668,39.82258728
-81.90801239999668,39.82258728
-81.90877359999668,39.82258728
-81.90953479999668,39.82258728
-81.91029599999668,39.82258728
-81.91105719999668,39.82258728
-81.91181839999668,39.82258728
-81.91257959999668,39.82258728
-81.91334079999667,39.82258728
-81.91410199999667,39.82258728
-81.91486319999667,39.82258728
-81.91562439999667,39.82258728
-81.91638559999667,39.82258728
-81.91714679999667,39.82258728
-81.91790799999667,39.82258728
-81.91866919999667,39.82258728
-81.91943039999667,39.82258728
-81.92019159999667,39.82258728
-81.92095279999667,39.82258728
-81.92171399999667,39.82258728
-81.92247519999667,39.82258728
-81.92323639999667,39.82258728
-81.92399759999667,39.82258728
-81.92475879999667,39.82258728
-81.92551999999667,39.82258728
-81.92628119999667,39.82258728
-81.92704239999667,39.82258728
-81.92780359999666,39.82258728
-81.92856479999666,39.82258728
-81.92932599999666,39.82258728
-81.93008719999666,39.82258728
-81.93084839999666,39.82258728
-81.93160959999666,39.82258728
-81.93237079999666,39.82258728
-81.93313199999666,39.82258728
-81.93389319999666,39.82258728
-81.93465439999666,39.82258728
-81.93541559999666,39.82258728
-81.93617679999666,39.82258728
-81.93693799999666,39.82258728
-81.93769919999666,39.82258728
-81.93846039999666,39.82258728
-81.93922159999666,39.82258728
-81.93998279999666,39.82258728
-81.94074399999666,39.82258728
-81.94150519999666,39.82258728
-81.94226639999665,39.82258728
-81.94302759999665,39.82258728
-81.94378879999665,39.82258728
-81.94454999999665,39.82258728
-81.94531119999665,39.82258728
-81.94607239999665,39.82258728
-81.94683359999665,39.82258728
-81.94759479999665,39.82258728
-81.94835599999665,39.82258728
-81.94911719999665,39.82258728
-81.94987839999665,39.82258728
-81.95063959999665,39.82258728
-81.95140079999665,39.82258728
-81.95216199999665,39.82258728
-81.95292319999665,39.82258728
-81.95368439999665,39.82258728
-81.95368439999665,39.82200272
-81.95444559999665,39.82200272
-81.95520679999665,39.82200272
-81.95596799999664,39.82200272
-81.95672919999664,39.82200272
-81.95749039999664,39.82200272
-81.95825159999664,39.82200272
-81.95901279999664,39.82200272
-81.95977399999664,39.82200272
-81.96053519999664,39.82200272
-81.96129639999664,39.82200272
-81.96205759999664,39.82200272
-81.96281879999664,39.82200272
-81.96357999999664,39.82200272
-81.96434119999664,39.82200272
-81.96510239999664,39.82200272
-81.96586359999664,39.82200272
-81.96662479999664,39.82200272
-81.96738599999664,39.82200272
-81.96814719999664,39.82200272
-81.96890839999664,39.82200272
-81.96966959999664,39.82200272
-81.97043079999663,39.82200272
-81.97119199999663,39.82200272
-81.97195319999663,39.82200272
-81.97271439999663,39.82200272
-81.97347559999663,39.82200272
-81.97423679999663,39.82200272
-81.97499799999663,39.82200272
-81.97575919999663,39.82200272
-81.97652039999663,39.82200272
-81.97728159999663,39.82200272
-81.97804279999663,39.82200272
-81.97880399999663,39.82200272
-81.97956519999663,39.82200272
-81.98032639999663,39.82200272
-81.98108759999663,39.82200272
-81.98184879999663,39.82200272
-81.98260999999663,39.82200272
-81.98337119999663,39.82200272
-81.98413239999662,39.82200272
-81.98489359999662,39.82200272
-81.98565479999662,39.82200272
-81.98641599999662,39.82200272
-81.98717719999662,39.82200272
-81.98793839999662,39.82200272
-81.98869959999662,39.82200272
-81.98946079999662,39.82200272
-81.99022199999662,39.82200272
-81.99098319999662,39.82200272
-81.99174439999662,39.82200272
-81.99250559999662,39.82200272
-81.99326679999662,39.82200272
-81.99402799999662,39.82200272
-81.99478919999662,39.82200272
-81.99555039999662,39.82200272
-81.99631159999662,39.82200272
-81.99707279999662,39.82200272
-81.99783399999662,39.82200272
-81.99859519999661,39.82200272
-81.99935639999661,39.82200272
-82.00011759999661,39.82200272
-82.00087879999661,39.82200272
-82.00163999999661,39.82200272
-82.00240119999661,39.82200272
-82.00316239999661,39.82200272
-82.00392359999661,39.82200272
-82.00468479999661,39.82200272
-82.00544599999661,39.82200272
-82.00620719999661,39.82200272
-82.00696839999661,39.82200272
-82.00772959999661,39.82200272
-82.00849079999661,39.82200272
-82.00925199999661,39.82200272
-82.0100131999966,39.82200272
-82.0107743999966,39.82200272
-82.0115355999966,39.82200272
-82.0122967999966,39.82200272
-82.0130579999966,39.82200272
-82.0138191999966,39.82200272
-82.0145803999966,39.82200272
-82.0153415999966,39.82200272
-82.0161027999966,39.82200272
-82.0168639999966,39.82200272
-82.0176251999966,39.82200272
-82.0183863999966,39.82200272
-82.0191475999966,39.82200272
-82.0199087999966,39.82200272
-82.0206699999966,39.82200272
-82.0214311999966,39.82200272
-82.0221923999966,39.82200272
-82.0229535999966,39.82200272
-82.0237147999966,39.82200272
-82.0244759999966,39.82200272
-82.0252371999966,39.82200272
-82.0259983999966,39.82200272
-82.0267595999966,39.82200272
-82.0275207999966,39.82200272
-82.0282819999966,39.82200272
-82.0290431999966,39.82200272
