-80.52186719999766,39.83310936
-80.52262839999766,39.83310936
-80.52338959999766,39.83310936
-80.52415079999766,39.83310936
-80.52491199999766,39.83310936
-80.52567319999766,39.83310936
-80.52643439999765,39.83310936
-80.52719559999765,39.83310936
-80.52795679999765,39.83310936
-80.52871799999765,39.83310936
-80.52947919999765,39.83310936
-80.53024039999765,39.83310936
-80.53100159999765,39.83310936
-80.53176279999765,39.83310936
-80.53252399999765,39.83310936
-80.53328519999765,39.83310936
-80.53404639999765,39.83310936
-80.53480759999765,39.83310936
-80.53556879999765,39.83310936
-80.53632999999765,39.83310936
-80.53709119999765,39.83310936
-80.53785239999765,39.83310936
-80.53861359999765,39.83310936
-80.53937479999765,39.83310936
-80.54013599999764,39.83310936
-80.54089719999764,39.83310936
-80.54165839999764,39.83310936
-80.54241959999764,39.83310936
-80.54318079999764,39.83310936
-80.54394199999764,39.83310936
-80.54470319999764,39.83310936
-80.54546439999764,39.83310936
-80.54622559999764,39.83310936
-80.54698679999764,39.83310936
-80.54774799999764,39.83310936
-80.54850919999764,39.83310936
-80.54927039999764,39.83310936
-80.55003159999764,39.83310936
-80.55079279999764,39.83310936
-80.55155399999764,39.83310936
-80.55231519999764,39.83310936
-80.55307639999764,39.83310936
-80.55383759999764,39.83310936
-80.55459879999763,39.83310936
-80.55535999999763,39.83310936
-80.55612119999763,39.83310936
-80.55688239999763,39.83310936
-80.55764359999763,39.83310936
-80.55840479999763,39.83310936
-80.55916599999763,39.83310936
-80.55992719999763,39.83310936
-80.56068839999763,39.83310936
-80.56144959999763,39.83310936
-80.56221079999763,39.83310936
-80.56297199999763,39.83310936
-80.56373319999763,39.83310936
-80.56449439999763,39.83310936
-80.56525559999763,39.83310936
-80.56601679999763,39.83310936
-80.56677799999763,39.83310936
-80.56753919999763,39.83310936
-80.56830039999763,39.83310936
-80.56906159999762,39.83310936
-80.56982279999762,39.83310936
-80.57058399999762,39.83310936
-80.57134519999762,39.83310936
-80.57210639999762,39.83310936
-80.57286759999762,39.83310936
-80.57362879999762,39.83310936
-80.57438999999762,39.83310936
-80.57515119999762,39.83310936
-80.57591239999762,39.83310936
-80.57667359999762,39.83310936
-80.57743479999762,39.83310936
-80.57819599999762,39.83310936
-80.57895719999762,39.83310936
-80.57971839999762,39.83310936
-80.58047959999762,39.83310936
-80.58124079999762,39.83310936
-80.58200199999762,39.83310936
-80.58276319999761,39.83310936
-80.58352439999761,39.83310936
-80.58428559999761,39.83310936
-80.58504679999761,39.83310936
-80.58580799999761,39.83310936
-80.58656919999761,39.83310936
-80.58733039999761,39.83310936
-80.58809159999761,39.83310936
-80.58885279999761,39.83310936
-80.58961399999761,39.83310936
-80.59037519999761,39.83310936
-80.59113639999761,39.83310936
-80.59189759999761,39.83310936
-80.59265879999761,39.83310936
-80.59341999999761,39.83310936
-80.5941811999976,39.83310936
-80.5949423999976,39.83310936
-80.5957035999976,39.83310936
-80.5964647999976,39.83310936
-80.5972259999976,39.83310936
-80.5972259999976,39.8325248
-80.5979871999976,39.8325248
-80.5987483999976,39.8325248
-80.5995095999976,39.8325248
-80.6002707999976,39.8325248
-80.6010319999976,39.8325248
-80.6017931999976,39.8325248
-80.6025543999976,39.8325248
-80.6033155999976,39.8325248
-80.6040767999976,39.8325248
-80.6048379999976,39.8325248
-80.6055991999976,39.8325248
-80.6063603999976,39.8325248
-80.6071215999976,39.8325248
-80.6078827999976,39.8325248
-80.6086439999976,39.8325248
-80.6094051999976,39.8325248
-80.6101663999976,39.8325248
-80.6109275999976,39.8325248
-80.6116887999976,39.8325248
-80.6124499999976,39.8325248
-80.6132111999976,39.8325248
-80.61397239999759,39.8325248
-80.61473359999759,39.8325248
-80.61549479999759,39.8325248
-80.61625599999759,39.8325248
-80.61701719999759,39.8325248
-80.61777839999759,39.8325248
-80.61853959999759,39.8325248
-80.61930079999759,39.8325248
-80.62006199999759,39.8325248
-80.62082319999759,39.8325248
-80.62158439999759,39.8325248
-80.62234559999759,39.8325248
-80.62310679999759,39.8325248
-80.62386799999759,39.8325248
-80.62462919999759,39.8325248
-80.62539039999758,39.8325248
-80.62615159999758,39.8325248
-80.62691279999758,39.8325248
-80.62767399999758,39.8325248
-80.62843519999758,39.8325248
-80.62919639999758,39.8325248
-80.62995759999758,39.8325248
-80.63071879999758,39.8325248
-80.63147999999758,39.8325248
-80.63224119999758,39.8325248
-80.63300239999758,39.8325248
-80.63376359999758,39.8325248
-80.63452479999758,39.8325248
-80.63528599999758,39.8325248
-80.63604719999758,39.8325248
-80.63680839999758,39.8325248
-80.63756959999758,39.8325248
-80.63833079999758,39.8325248
-80.63909199999758,39.8325248
-80.63985319999757,39.8325248
-80.64061439999757,39.8325248
-80.64137559999757,39.8325248
-80.64213679999757,39.8325248
-80.64289799999757,39.8325248
-80.64365919999757,39.8325248
-80.64442039999757,39.8325248
-80.64518159999757,39.8325248
-80.64594279999757,39.8325248
-80.64670399999757,39.8325248
-80.64746519999757,39.8325248
-80.64822639999757,39.8325248
-80.64898759999757,39.8325248
-80.64974879999757,39.8325248
-80.65050999999757,39.8325248
-80.65127119999757,39.8325248
-80.65203239999757,39.8325248
-80.65279359999757,39.8325248
-80.65355479999756,39.8325248
-80.65431599999756,39.8325248
-80.65507719999756,39.8325248
-80.65583839999756,39.8325248
-80.65659959999756,39.8325248
-80.65736079999756,39.8325248
-80.65812199999756,39.8325248
-80.65888319999756,39.8325248
-80.65964439999756,39.8325248
-80.66040559999756,39.8325248
-80.66116679999756,39.8325248
-80.66192799999756,39.8325248
-80.66268919999756,39.8325248
-80.66345039999756,39.8325248
-80.66421159999756,39.8325248
-80.66497279999756,39.8325248
-80.66573399999756,39.8325248
-80.66649519999756,39.8325248
-80.66725639999756,39.8325248
-80.66801759999755,39.8325248
-80.66877879999755,39.8325248
-80.66953999999755,39.8325248
-80.67030119999755,39.8325248
-80.67106239999755,39.8325248
-80.67182359999755,39.8325248
-80.67258479999755,39.8325248
-80.67258479999755,39.83194024
-80.67334599999755,39.83194024
-80.67410719999755,39.83194024
-80.67486839999755,39.83194024
-80.67562959999755,39.83194024
-80.67639079999755,39.83194024
-80.67715199999755,39.83194024
-80.67791319999755,39.83194024
-80.67867439999755,39.83194024
-80.67943559999755,39.83194024
-80.68019679999755,39.83194024
-80.68095799999755,39.83194024
-80.68171919999754,39.83194024
-80.68248039999754,39.83194024
-80.68324159999754,39.83194024
-80.68400279999754,39.83194024
-80.68476399999754,39.83194024
-80.68552519999754,39.83194024
-80.68628639999754,39.83194024
-80.68704759999754,39.83194024
-80.68780879999754,39.83194024
-80.68856999999754,39.83194024
-80.68933119999754,39.83194024
-80.69009239999754,39.83194024
-80.69085359999754,39.83194024
-80.69161479999754,39.83194024
-80.69237599999754,39.83194024
-80.69313719999754,39.83194024
-80.69389839999754,39.83194024
-80.69465959999754,39.83194024
-80.69542079999754,39.83194024
-80.69618199999753,39.83194024
-80.69694319999753,39.83194024
-80.69770439999753,39.83194024
-80.69846559999753,39.83194024
-80.69922679999753,39.83194024
-80.69998799999753,39.83194024
-80.70074919999753,39.83194024
-80.70151039999753,39.83194024
-80.70227159999753,39.83194024
-80.70303279999753,39.83194024
-80.70379399999753,39.83194024
-80.70455519999753,39.83194024
-80.70531639999753,39.83194024
-80.70607759999753,39.83194024
-80.70683879999753,39.83194024
-80.70759999999753,39.83194024
-80.70836119999753,39.83194024
-80.70912239999753,39.83194024
-80.70988359999753,39.83194024
-80.71064479999752,39.83194024
-80.71140599999752,39.83194024
-80.71216719999752,39.83194024
-80.71292839999752,39.83194024
-80.71368959999752,39.83194024
-80.71445079999752,39.83194024
-80.71521199999752,39.83194024
-80.71597319999752,39.83194024
-80.71673439999752,39.83194024
-80.71749559999752,39.83194024
-80.71825679999752,39.83194024
-80.71901799999752,39.83194024
-80.71977919999752,39.83194024
-80.72054039999752,39.83194024
-80.72130159999752,39.83194024
-80.72206279999752,39.83194024
-80.72282399999752,39.83194024
-80.72358519999752,39.83194024
-80.72434639999751,39.83194024
-80.72510759999751,39.83194024
-80.72586879999751,39.83194024
-80.72662999999751,39.83194024
-80.72739119999751,39.83194024
-80.72815239999751,39.83194024
-80.72891359999751,39.83194024
-80.72967479999751,39.83194024
-80.73043599999751,39.83194024
-80.73119719999751,39.83194024
-80.73195839999751,39.83194024
-80.73271959999751,39.83194024
-80.73348079999751,39.83194024
-80.73424199999751,39.83194024
-80.73500319999751,39.83194024
-80.7357643999975,39.83194024
-80.7365255999975,39.83194024
-80.7372867999975,39.83194024
-80.7380479999975,39.83194024
-80.7388091999975,39.83194024
-80.7395703999975,39.83194024
-80.7403315999975,39.83194024
-80.7410927999975,39.83194024
-80.7418539999975,39.83194024
-80.7426151999975,39.83194024
-80.7433763999975,39.83194024
-80.7441375999975,39.83194024
-80.7448987999975,39.83194024
-80.7456599999975,39.83194024
-80.7464211999975,39.83194024
-80.7471823999975,39.83194024
-80.7479435999975,39.83194024
-80.7479435999975,39.83135568
-80.7487047999975,39.83135568
-80.7494659999975,39.83135568
-80.7502271999975,39.83135568
-80.7509883999975,39.83135568
-80.7517495999975,39.83135568
-80.7525107999975,39.83135568
-80.7532719999975,39.83135568
-80.7540331999975,39.83135568
-80.7547943999975,39.83135568
-80.75555559999749,39.83135568
-80.75631679999749,39.83135568
-80.75707799999749,39.83135568
-80.75783919999749,39.83135568
-80.75860039999749,39.83135568
-80.75936159999749,39.83135568
-80.76012279999749,39.83135568
-80.76088399999749,39.83135568
-80.76164519999749,39.83135568
-80.76240639999749,39.83135568
-80.76316759999749,39.83135568
-80.76392879999749,39.83135568
-80.76468999999749,39.83135568
-80.76545119999749,39.83135568
-80.76621239999749,39.83135568
-80.76697359999748,39.83135568
-80.76773479999748,39.83135568
-80.76849599999748,39.83135568
-80.76925719999748,39.83135568
-80.77001839999748,39.83135568
-80.77077959999748,39.83135568
-80.77154079999748,39.83135568
-80.77230199999748,39.83135568
-80.77306319999748,39.83135568
-80.77382439999748,39.83135568
-80.77458559999748,39.83135568
-80.77534679999748,39.83135568
-80.77610799999748,39.83135568
-80.77686919999748,39.83135568
-80.77763039999748,39.83135568
-80.77839159999748,39.83135568
-80.77915279999748,39.83135568
-80.77991399999748,39.83135568
-80.78067519999748,39.83135568
-80.78143639999747,39.83135568
-80.78219759999747,39.83135568
-80.78295879999747,39.83135568
-80.78371999999747,39.83135568
-80.78448119999747,39.83135568
-80.78524239999747,39.83135568
-80.78600359999747,39.83135568
-80.78676479999747,39.83135568
-80.78752599999747,39.83135568
-80.78828719999747,39.83135568
-80.78904839999747,39.83135568
-80.78980959999747,39.83135568
-80.79057079999747,39.83135568
-80.79133199999747,39.83135568
-80.79209319999747,39.83135568
-80.79285439999747,39.83135568
-80.79361559999747,39.83135568
-80.79437679999747,39.83135568
-80.79513799999746,39.83135568
-80.79589919999746,39.83135568
-80.79666039999746,39.83135568
-80.79742159999746,39.83135568
-80.79818279999746,39.83135568
-80.79894399999746,39.83135568
-80.79970519999746,39.83135568
-80.80046639999746,39.83135568
-80.80122759999746,39.83135568
-80.80198879999746,39.83135568
-80.80274999999746,39.83135568
-80.80351119999746,39.83135568
-80.80427239999746,39.83135568
-80.80503359999746,39.83135568
-80.80579479999746,39.83135568
-80.80655599999746,39.83135568
-80.80731719999746,39.83135568
-80.80807839999746,39.83135568
-80.80883959999746,39.83135568
-80.80960079999745,39.83135568
-80.81036199999745,39.83135568
-80.81112319999745,39.83135568
-80.81188439999745,39.83135568
-80.81264559999745,39.83135568
-80.81340679999745,39.83135568
-80.81416799999745,39.83135568
-80.81492919999745,39.83135568
-80.81569039999745,39.83135568
-80.81645159999745,39.83135568
-80.81721279999745,39.83135568
-80.81797399999745,39.83135568
-80.81873519999745,39.83135568
-80.81949639999745,39.83135568
-80.82025759999745,39.83135568
-80.82101879999745,39.83135568
-80.82177999999745,39.83135568
-80.82254119999745,39.83135568
-80.82330239999744,39.83135568
