-77.80895039999957,39.854153520000004
-77.80971159999957,39.854153520000004
-77.81047279999957,39.854153520000004
-77.81123399999957,39.854153520000004
-77.81199519999957,39.854153520000004
-77.81275639999957,39.854153520000004
-77.81351759999957,39.854153520000004
-77.81427879999957,39.854153520000004
-77.81503999999957,39.854153520000004
-77.81580119999957,39.854153520000004
-77.81656239999957,39.854153520000004
-77.81732359999957,39.854153520000004
-77.81808479999957,39.854153520000004
-77.81884599999957,39.854153520000004
-77.81960719999957,39.854153520000004
-77.82036839999957,39.854153520000004
-77.82112959999957,39.854153520000004
-77.82189079999957,39.854153520000004
-77.82265199999956,39.854153520000004
-77.82341319999956,39.854153520000004
-77.82417439999956,39.854153520000004
-77.82493559999956,39.854153520000004
-77.82569679999956,39.854153520000004
-77.82645799999956,39.854153520000004
-77.82721919999956,39.854153520000004
-77.82798039999956,39.854153520000004
-77.82874159999956,39.854153520000004
-77.82950279999956,39.854153520000004
-77.83026399999956,39.854153520000004
-77.83102519999956,39.854153520000004
-77.83178639999956,39.854153520000004
-77.83254759999956,39.854153520000004
-77.83330879999956,39.854153520000004
-77.83406999999956,39.854153520000004
-77.83483119999956,39.854153520000004
-77.83559239999956,39.854153520000004
-77.83635359999955,39.854153520000004
-77.83711479999955,39.854153520000004
-77.83787599999955,39.854153520000004
-77.83863719999955,39.854153520000004
-77.83939839999955,39.854153520000004
-77.84015959999955,39.854153520000004
-77.84092079999955,39.854153520000004
-77.84168199999955,39.854153520000004
-77.84244319999955,39.854153520000004
-77.84320439999955,39.854153520000004
-77.84396559999955,39.854153520000004
-77.84472679999955,39.854153520000004
-77.84548799999955,39.854153520000004
-77.84624919999955,39.854153520000004
-77.84701039999955,39.854153520000004
-77.84777159999955,39.854153520000004
-77.84853279999955,39.854153520000004
-77.84929399999955,39.854153520000004
-77.85005519999955,39.854153520000004
-77.85081639999954,39.854153520000004
-77.85157759999954,39.854153520000004
-77.85233879999954,39.854153520000004
-77.85309999999954,39.854153520000004
-77.85386119999954,39.854153520000004
-77.85462239999954,39.854153520000004
-77.85538359999954,39.854153520000004
-77.85614479999954,39.854153520000004
-77.85690599999954,39.854153520000004
-77.85766719999954,39.854153520000004
-77.85842839999954,39.854153520000004
-77.85918959999954,39.854153520000004
-77.85995079999954,39.854153520000004
-77.86071199999954,39.854153520000004
-77.86147319999954,39.854153520000004
-77.86223439999954,39.854153520000004
-77.86299559999954,39.854153520000004
-77.86375679999954,39.854153520000004
-77.86451799999953,39.854153520000004
-77.86527919999953,39.854153520000004
-77.86604039999953,39.854153520000004
-77.86680159999953,39.854153520000004
-77.86756279999953,39.854153520000004
-77.86832399999953,39.854153520000004
-77.86908519999953,39.854153520000004
-77.86984639999953,39.854153520000004
-77.87060759999953,39.854153520000004
-77.87136879999953,39.854153520000004
-77.87212999999953,39.854153520000004
-77.87289119999953,39.854153520000004
-77.87365239999953,39.854153520000004
-77.87441359999953,39.854153520000004
-77.87517479999953,39.854153520000004
-77.87593599999953,39.854153520000004
-77.87669719999953,39.854153520000004
-77.87745839999953,39.854153520000004
-77.87821959999953,39.854153520000004
-77.87898079999952,39.854153520000004
-77.87974199999952,39.854153520000004
-77.88050319999952,39.854153520000004
-77.88126439999952,39.854153520000004
-77.88202559999952,39.854153520000004
-77.88278679999952,39.854153520000004
-77.88354799999952,39.854153520000004
-77.88430919999952,39.854153520000004
-77.88430919999952,39.853568960000004
-77.88507039999952,39.853568960000004
-77.88583159999952,39.853568960000004
-77.88659279999952,39.853568960000004
-77.88735399999952,39.853568960000004
-77.88811519999952,39.853568960000004
-77.88887639999952,39.853568960000004
-77.88963759999952,39.853568960000004
-77.89039879999952,39.853568960000004
-77.89115999999952,39.853568960000004
-77.89192119999952,39.853568960000004
-77.89268239999952,39.853568960000004
-77.89344359999951,39.853568960000004
-77.89420479999951,39.853568960000004
-77.89496599999951,39.853568960000004
-77.89572719999951,39.853568960000004
-77.89648839999951,39.853568960000004
-77.89724959999951,39.853568960000004
-77.89801079999951,39.853568960000004
-77.89877199999951,39.853568960000004
-77.89953319999951,39.853568960000004
-77.90029439999951,39.853568960000004
-77.90105559999951,39.853568960000004
-77.90181679999951,39.853568960000004
-77.90257799999951,39.853568960000004
-77.90333919999951,39.853568960000004
-77.9041003999995,39.853568960000004
-77.9048615999995,39.853568960000004
-77.9056227999995,39.853568960000004
-77.9063839999995,39.853568960000004
-77.9071451999995,39.853568960000004
-77.9079063999995,39.853568960000004
-77.9086675999995,39.853568960000004
-77.9094287999995,39.853568960000004
-77.9101899999995,39.853568960000004
-77.9109511999995,39.853568960000004
-77.9117123999995,39.853568960000004
-77.9124735999995,39.853568960000004
-77.9132347999995,39.853568960000004
-77.9139959999995,39.853568960000004
-77.9147571999995,39.853568960000004
-77.9155183999995,39.853568960000004
-77.9162795999995,39.853568960000004
-77.9170407999995,39.853568960000004
-77.9178019999995,39.853568960000004
-77.9185631999995,39.853568960000004
-77.9193243999995,39.853568960000004
-77.9200855999995,39.853568960000004
-77.9208467999995,39.853568960000004
-77.9216079999995,39.853568960000004
-77.9223691999995,39.853568960000004
-77.9231303999995,39.853568960000004
-77.9238915999995,39.853568960000004
-77.92465279999949,39.853568960000004
-77.92541399999949,39.853568960000004
-77.92617519999949,39.853568960000004
-77.92693639999949,39.853568960000004
-77.92769759999949,39.853568960000004
-77.92845879999949,39.853568960000004
-77.92921999999949,39.853568960000004
-77.92998119999949,39.853568960000004
-77.93074239999949,39.853568960000004
-77.93150359999949,39.853568960000004
-77.93226479999949,39.853568960000004
-77.93302599999949,39.853568960000004
-77.93378719999949,39.853568960000004
-77.93454839999949,39.853568960000004
-77.93530959999948,39.853568960000004
-77.93607079999948,39.853568960000004
-77.93683199999948,39.853568960000004
-77.93759319999948,39.853568960000004
-77.93835439999948,39.853568960000004
-77.93911559999948,39.853568960000004
-77.93987679999948,39.853568960000004
-77.94063799999948,39.853568960000004
-77.94139919999948,39.853568960000004
-77.94216039999948,39.853568960000004
-77.94292159999948,39.853568960000004
-77.94368279999948,39.853568960000004
-77.94444399999948,39.853568960000004
-77.94520519999948,39.853568960000004
-77.94596639999948,39.853568960000004
-77.94672759999948,39.853568960000004
-77.94748879999948,39.853568960000004
-77.94824999999948,39.853568960000004
-77.94901119999948,39.853568960000004
-77.94977239999947,39.853568960000004
-77.95053359999947,39.853568960000004
-77.95129479999947,39.853568960000004
-77.95205599999947,39.853568960000004
-77.95281719999947,39.853568960000004
-77.95357839999947,39.853568960000004
-77.95433959999947,39.853568960000004
-77.95510079999947,39.853568960000004
-77.95586199999947,39.853568960000004
-77.95662319999947,39.853568960000004
-77.95738439999947,39.853568960000004
-77.95814559999947,39.853568960000004
-77.95890679999947,39.853568960000004
-77.95966799999947,39.853568960000004
-77.95966799999947,39.852984400000004
-77.96042919999947,39.852984400000004
-77.96119039999947,39.852984400000004
-77.96195159999947,39.852984400000004
-77.96271279999947,39.852984400000004
-77.96347399999947,39.852984400000004
-77.96423519999946,39.852984400000004
-77.96499639999946,39.852984400000004
-77.96575759999946,39.852984400000004
-77.96651879999946,39.852984400000004
-77.96727999999946,39.852984400000004
-77.96804119999946,39.852984400000004
-77.96880239999946,39.852984400000004
-77.96956359999946,39.852984400000004
-77.97032479999946,39.852984400000004
-77.97108599999946,39.852984400000004
-77.97184719999946,39.852984400000004
-77.97260839999946,39.852984400000004
-77.97336959999946,39.852984400000004
-77.97413079999946,39.852984400000004
-77.97489199999946,39.852984400000004
-77.97565319999946,39.852984400000004
-77.97641439999946,39.852984400000004
-77.97717559999946,39.852984400000004
-77.97793679999945,39.852984400000004
-77.97869799999945,39.852984400000004
-77.97945919999945,39.852984400000004
-77.98022039999945,39.852984400000004
-77.98098159999945,39.852984400000004
-77.98174279999945,39.852984400000004
-77.98250399999945,39.852984400000004
-77.98326519999945,39.852984400000004
-77.98402639999945,39.852984400000004
-77.98478759999945,39.852984400000004
-77.98554879999945,39.852984400000004
-77.98630999999945,39.852984400000004
-77.98707119999945,39.852984400000004
-77.98783239999945,39.852984400000004
-77.98859359999945,39.852984400000004
-77.98935479999945,39.852984400000004
-77.99011599999945,39.852984400000004
-77.99087719999945,39.852984400000004
-77.99163839999945,39.852984400000004
-77.99239959999944,39.852984400000004
-77.99316079999944,39.852984400000004
-77.99392199999944,39.852984400000004
-77.99468319999944,39.852984400000004
-77.99544439999944,39.852984400000004
-77.99620559999944,39.852984400000004
-77.99696679999944,39.852984400000004
-77.99772799999944,39.852984400000004
-77.99848919999944,39.852984400000004
-77.99925039999944,39.852984400000004
-78.00001159999944,39.852984400000004
-78.00077279999944,39.852984400000004
-78.00153399999944,39.852984400000004
-78.00229519999944,39.852984400000004
-78.00305639999944,39.852984400000004
-78.00381759999944,39.852984400000004
-78.00457879999944,39.852984400000004
-78.00533999999944,39.852984400000004
-78.00610119999943,39.852984400000004
-78.00686239999943,39.852984400000004
-78.00762359999943,39.852984400000004
-78.00838479999943,39.852984400000004
-78.00914599999943,39.852984400000004
-78.00990719999943,39.852984400000004
-78.01066839999943,39.852984400000004
-78.01142959999943,39.852984400000004
-78.01219079999943,39.852984400000004
-78.01295199999943,39.852984400000004
-78.01371319999943,39.852984400000004
-78.01447439999943,39.852984400000004
-78.01523559999943,39.852984400000004
-78.01599679999943,39.852984400000004
-78.01675799999943,39.852984400000004
-78.01751919999943,39.852984400000004
-78.01828039999943,39.852984400000004
-78.01904159999943,39.852984400000004
-78.01980279999943,39.852984400000004
-78.02056399999942,39.852984400000004
-78.02132519999942,39.852984400000004
-78.02208639999942,39.852984400000004
-78.02284759999942,39.852984400000004
-78.02360879999942,39.852984400000004
-78.02436999999942,39.852984400000004
-78.02513119999942,39.852984400000004
-78.02589239999942,39.852984400000004
-78.02665359999942,39.852984400000004
-78.02741479999942,39.852984400000004
-78.02817599999942,39.852984400000004
-78.02893719999942,39.852984400000004
-78.02969839999942,39.852984400000004
-78.03045959999942,39.852984400000004
-78.03122079999942,39.852984400000004
-78.03198199999942,39.852984400000004
-78.03274319999942,39.852984400000004
-78.03350439999942,39.852984400000004
-78.03426559999942,39.852984400000004
-78.03502679999941,39.852984400000004
-78.03502679999941,39.852399840000004
-78.03578799999941,39.852399840000004
-78.03654919999941,39.852399840000004
-78.03731039999941,39.852399840000004
-78.03807159999941,39.852399840000004
-78.03883279999941,39.852399840000004
-78.03959399999941,39.852399840000004
-78.04035519999941,39.852399840000004
-78.04111639999941,39.852399840000004
-78.04187759999941,39.852399840000004
-78.04263879999941,39.852399840000004
-78.04339999999941,39.852399840000004
-78.04416119999941,39.852399840000004
-78.04492239999941,39.852399840000004
-78.0456835999994,39.852399840000004
-78.0464447999994,39.852399840000004
-78.0472059999994,39.852399840000004
-78.0479671999994,39.852399840000004
-78.0487283999994,39.852399840000004
-78.0494895999994,39.852399840000004
-78.0502507999994,39.852399840000004
-78.0510119999994,39.852399840000004
-78.0517731999994,39.852399840000004
-78.0525343999994,39.852399840000004
-78.0532955999994,39.852399840000004
-78.0540567999994,39.852399840000004
-78.0548179999994,39.852399840000004
-78.0555791999994,39.852399840000004
-78.0563403999994,39.852399840000004
-78.0571015999994,39.852399840000004
-78.0578627999994,39.852399840000004
-78.0586239999994,39.852399840000004
-78.0593851999994,39.852399840000004
-78.0601463999994,39.852399840000004
-78.0609075999994,39.852399840000004
-78.0616687999994,39.852399840000004
-78.0624299999994,39.852399840000004
-78.0631911999994,39.852399840000004
-78.0639523999994,39.852399840000004
-78.0647135999994,39.852399840000004
-78.0654747999994,39.852399840000004
-78.06623599999939,39.852399840000004
-78.06699719999939,39.852399840000004
-78.06775839999939,39.852399840000004
-78.06851959999939,39.852399840000004
-78.06928079999939,39.852399840000004
-78.07004199999939,39.852399840000004
-78.07080319999939,39.852399840000004
-78.07156439999939,39.852399840000004
-78.07232559999939,39.852399840000004
-78.07308679999939,39.852399840000004
-78.07384799999939,39.852399840000004
-78.07460919999939,39.852399840000004
-78.07537039999939,39.852399840000004
-78.07613159999939,39.852399840000004
-78.07689279999938,39.852399840000004
-78.07765399999938,39.852399840000004
-78.07841519999938,39.852399840000004
-78.07917639999938,39.852399840000004
-78.07993759999938,39.852399840000004
-78.08069879999938,39.852399840000004
-78.08145999999938,39.852399840000004
-78.08222119999938,39.852399840000004
-78.08298239999938,39.852399840000004
-78.08374359999938,39.852399840000004
-78.08450479999938,39.852399840000004
-78.08526599999938,39.852399840000004
-78.08602719999938,39.852399840000004
-78.08678839999938,39.852399840000004
-78.08754959999938,39.852399840000004
-78.08831079999938,39.852399840000004
-78.08907199999938,39.852399840000004
-78.08983319999938,39.852399840000004
-78.09059439999938,39.852399840000004
-78.09135559999937,39.852399840000004
-78.09211679999937,39.852399840000004
-78.09287799999937,39.852399840000004
-78.09363919999937,39.852399840000004
-78.09440039999937,39.852399840000004
-78.09516159999937,39.852399840000004
-78.09592279999937,39.852399840000004
-78.09668399999937,39.852399840000004
-78.09744519999937,39.852399840000004
-78.09820639999937,39.852399840000004
-78.09896759999937,39.852399840000004
-78.09972879999937,39.852399840000004
-78.10048999999937,39.852399840000004
-78.10125119999937,39.852399840000004
-78.10201239999937,39.852399840000004
-78.10277359999937,39.852399840000004
-78.10353479999937,39.852399840000004
-78.10429599999937,39.852399840000004
-78.10505719999937,39.852399840000004
-78.10581839999936,39.852399840000004
-78.10657959999936,39.852399840000004
-78.10734079999936,39.852399840000004
-78.10810199999936,39.852399840000004
-78.10886319999936,39.852399840000004
-78.10962439999936,39.852399840000004
-78.11038559999936,39.852399840000004
