-83.23478399999574,39.8120652
-83.23554519999574,39.8120652
-83.23630639999574,39.8120652
-83.23706759999574,39.8120652
-83.23782879999574,39.8120652
-83.23858999999574,39.8120652
-83.23935119999574,39.8120652
-83.24011239999574,39.8120652
-83.24087359999574,39.8120652
-83.24163479999574,39.8120652
-83.24239599999574,39.8120652
-83.24315719999574,39.8120652
-83.24391839999574,39.8120652
-83.24467959999573,39.8120652
-83.24544079999573,39.8120652
-83.24620199999573,39.8120652
-83.24696319999573,39.8120652
-83.24772439999573,39.8120652
-83.24848559999573,39.8120652
-83.24924679999573,39.8120652
-83.25000799999573,39.8120652
-83.25076919999573,39.8120652
-83.25153039999573,39.8120652
-83.25229159999573,39.8120652
-83.25305279999573,39.8120652
-83.25381399999573,39.8120652
-83.25457519999573,39.8120652
-83.25533639999573,39.8120652
-83.25609759999573,39.8120652
-83.25685879999573,39.8120652
-83.25761999999573,39.8120652
-83.25838119999572,39.8120652
-83.25914239999572,39.8120652
-83.25990359999572,39.8120652
-83.26066479999572,39.8120652
-83.26142599999572,39.8120652
-83.26218719999572,39.8120652
-83.26294839999572,39.8120652
-83.26370959999572,39.8120652
-83.26447079999572,39.8120652
-83.26523199999572,39.8120652
-83.26599319999572,39.8120652
-83.26675439999572,39.8120652
-83.26751559999572,39.8120652
-83.26827679999572,39.8120652
-83.26903799999572,39.8120652
-83.26979919999572,39.8120652
-83.27056039999572,39.8120652
-83.27132159999572,39.8120652
-83.27208279999572,39.8120652
-83.27284399999571,39.8120652
-83.27360519999571,39.8120652
-83.27436639999571,39.8120652
-83.27512759999571,39.8120652
-83.27588879999571,39.8120652
-83.27664999999571,39.8120652
-83.27741119999571,39.8120652
-83.27817239999571,39.8120652
-83.27893359999571,39.8120652
-83.27969479999571,39.8120652
-83.28045599999571,39.8120652
-83.28121719999571,39.8120652
-83.28197839999571,39.8120652
-83.28273959999571,39.8120652
-83.2835007999957,39.8120652
-83.2842619999957,39.8120652
-83.2850231999957,39.8120652
-83.2857843999957,39.8120652
-83.2865455999957,39.8120652
-83.2873067999957,39.8120652
-83.2880679999957,39.8120652
-83.2888291999957,39.8120652
-83.2895903999957,39.8120652
-83.2903515999957,39.8120652
-83.2911127999957,39.8120652
-83.2918739999957,39.8120652
-83.2926351999957,39.8120652
-83.2933963999957,39.8120652
-83.2941575999957,39.8120652
-83.2949187999957,39.8120652
-83.2956799999957,39.8120652
-83.2964411999957,39.8120652
-83.2972023999957,39.8120652
-83.2979635999957,39.8120652
-83.2987247999957,39.8120652
-83.2994859999957,39.8120652
-83.3002471999957,39.8120652
-83.3010083999957,39.8120652
-83.3017695999957,39.8120652
-83.3025307999957,39.8120652
-83.3032919999957,39.8120652
-83.30405319999569,39.8120652
-83.30481439999569,39.8120652
-83.30557559999569,39.8120652
-83.30633679999569,39.8120652
-83.30709799999569,39.8120652
-83.30785919999569,39.8120652
-83.30862039999569,39.8120652
-83.30938159999569,39.8120652
-83.31014279999569,39.8120652
-83.31014279999569,39.81148064
-83.31090399999569,39.81148064
-83.31166519999569,39.81148064
-83.31242639999569,39.81148064
-83.31318759999569,39.81148064
-83.31394879999569,39.81148064
-83.31470999999569,39.81148064
-83.31547119999568,39.81148064
-83.31623239999568,39.81148064
-83.31699359999568,39.81148064
-83.31775479999568,39.81148064
-83.31851599999568,39.81148064
-83.31927719999568,39.81148064
-83.32003839999568,39.81148064
-83.32079959999568,39.81148064
-83.32156079999568,39.81148064
-83.32232199999568,39.81148064
-83.32308319999568,39.81148064
-83.32384439999568,39.81148064
-83.32460559999568,39.81148064
-83.32536679999568,39.81148064
-83.32612799999568,39.81148064
-83.32688919999568,39.81148064
-83.32765039999568,39.81148064
-83.32841159999568,39.81148064
-83.32917279999567,39.81148064
-83.32993399999567,39.81148064
-83.33069519999567,39.81148064
-83.33145639999567,39.81148064
-83.33221759999567,39.81148064
-83.33297879999567,39.81148064
-83.33373999999567,39.81148064
-83.33450119999567,39.81148064
-83.33526239999567,39.81148064
-83.33602359999567,39.81148064
-83.33678479999567,39.81148064
-83.33754599999567,39.81148064
-83.33830719999567,39.81148064
-83.33906839999567,39.81148064
-83.33982959999567,39.81148064
-83.34059079999567,39.81148064
-83.34135199999567,39.81148064
-83.34211319999567,39.81148064
-83.34287439999567,39.81148064
-83.34363559999566,39.81148064
-83.34439679999566,39.81148064
-83.34515799999566,39.81148064
-83.34591919999566,39.81148064
-83.34668039999566,39.81148064
-83.34744159999566,39.81148064
-83.34820279999566,39.81148064
-83.34896399999566,39.81148064
-83.34972519999566,39.81148064
-83.35048639999566,39.81148064
-83.35124759999566,39.81148064
-83.35200879999566,39.81148064
-83.35276999999566,39.81148064
-83.35353119999566,39.81148064
-83.35429239999566,39.81148064
-83.35505359999566,39.81148064
-83.35581479999566,39.81148064
-83.35657599999566,39.81148064
-83.35733719999565,39.81148064
-83.35809839999565,39.81148064
-83.35885959999565,39.81148064
-83.35962079999565,39.81148064
-83.36038199999565,39.81148064
-83.36114319999565,39.81148064
-83.36190439999565,39.81148064
-83.36266559999565,39.81148064
-83.36342679999565,39.81148064
-83.36418799999565,39.81148064
-83.36494919999565,39.81148064
-83.36571039999565,39.81148064
-83.36647159999565,39.81148064
-83.36723279999565,39.81148064
-83.36799399999565,39.81148064
-83.36875519999565,39.81148064
-83.36951639999565,39.81148064
-83.37027759999565,39.81148064
-83.37103879999565,39.81148064
-83.37179999999564,39.81148064
-83.37256119999564,39.81148064
-83.37332239999564,39.81148064
-83.37408359999564,39.81148064
-83.37484479999564,39.81148064
-83.37560599999564,39.81148064
-83.37636719999564,39.81148064
-83.37712839999564,39.81148064
-83.37788959999564,39.81148064
-83.37865079999564,39.81148064
-83.37941199999564,39.81148064
-83.38017319999564,39.81148064
-83.38093439999564,39.81148064
-83.38169559999564,39.81148064
-83.38245679999564,39.81148064
-83.38321799999564,39.81148064
-83.38397919999564,39.81148064
-83.38474039999564,39.81148064
-83.38550159999564,39.81148064
-83.38550159999564,39.81089608
-83.38626279999563,39.81089608
-83.38702399999563,39.81089608
-83.38778519999563,39.81089608
-83.38854639999563,39.81089608
-83.38930759999563,39.81089608
-83.39006879999563,39.81089608
-83.39082999999563,39.81089608
-83.39159119999563,39.81089608
-83.39235239999563,39.81089608
-83.39311359999563,39.81089608
-83.39387479999563,39.81089608
-83.39463599999563,39.81089608
-83.39539719999563,39.81089608
-83.39615839999563,39.81089608
-83.39691959999563,39.81089608
-83.39768079999563,39.81089608
-83.39844199999563,39.81089608
-83.39920319999563,39.81089608
-83.39996439999562,39.81089608
-83.40072559999562,39.81089608
-83.40148679999562,39.81089608
-83.40224799999562,39.81089608
-83.40300919999562,39.81089608
-83.40377039999562,39.81089608
-83.40453159999562,39.81089608
-83.40529279999562,39.81089608
-83.40605399999562,39.81089608
-83.40681519999562,39.81089608
-83.40757639999562,39.81089608
-83.40833759999562,39.81089608
-83.40909879999562,39.81089608
-83.40985999999562,39.81089608
-83.41062119999562,39.81089608
-83.41138239999562,39.81089608
-83.41214359999562,39.81089608
-83.41290479999562,39.81089608
-83.41366599999562,39.81089608
-83.41442719999561,39.81089608
-83.41518839999561,39.81089608
-83.41594959999561,39.81089608
-83.41671079999561,39.81089608
-83.41747199999561,39.81089608
-83.41823319999561,39.81089608
-83.41899439999561,39.81089608
-83.41975559999561,39.81089608
-83.42051679999561,39.81089608
-83.42127799999561,39.81089608
-83.42203919999561,39.81089608
-83.42280039999561,39.81089608
-83.42356159999561,39.81089608
-83.42432279999561,39.81089608
-83.4250839999956,39.81089608
-83.4258451999956,39.81089608
-83.4266063999956,39.81089608
-83.4273675999956,39.81089608
-83.4281287999956,39.81089608
-83.4288899999956,39.81089608
-83.4296511999956,39.81089608
-83.4304123999956,39.81089608
-83.4311735999956,39.81089608
-83.4319347999956,39.81089608
-83.4326959999956,39.81089608
-83.4334571999956,39.81089608
-83.4342183999956,39.81089608
-83.4349795999956,39.81089608
-83.4357407999956,39.81089608
-83.4365019999956,39.81089608
-83.4372631999956,39.81089608
-83.4380243999956,39.81089608
-83.4387855999956,39.81089608
-83.4395467999956,39.81089608
-83.4403079999956,39.81089608
-83.4410691999956,39.81089608
-83.4418303999956,39.81089608
-83.4425915999956,39.81089608
-83.4433527999956,39.81089608
-83.4441139999956,39.81089608
-83.4448751999956,39.81089608
-83.44563639999559,39.81089608
-83.44639759999559,39.81089608
-83.44715879999559,39.81089608
-83.44791999999559,39.81089608
-83.44868119999559,39.81089608
-83.44944239999559,39.81089608
-83.45020359999559,39.81089608
-83.45096479999559,39.81089608
-83.45172599999559,39.81089608
-83.45248719999559,39.81089608
-83.45324839999559,39.81089608
-83.45400959999559,39.81089608
-83.45477079999559,39.81089608
-83.45553199999559,39.81089608
-83.45629319999559,39.81089608
-83.45705439999558,39.81089608
-83.45781559999558,39.81089608
-83.45857679999558,39.81089608
-83.45933799999558,39.81089608
-83.46009919999558,39.81089608
-83.46086039999558,39.81089608
-83.46086039999558,39.81031152
-83.46162159999558,39.81031152
-83.46238279999558,39.81031152
-83.46314399999558,39.81031152
-83.46390519999558,39.81031152
-83.46466639999558,39.81031152
-83.46542759999558,39.81031152
-83.46618879999558,39.81031152
-83.46694999999558,39.81031152
-83.46771119999558,39.81031152
-83.46847239999558,39.81031152
-83.46923359999558,39.81031152
-83.46999479999558,39.81031152
-83.47075599999557,39.81031152
-83.47151719999557,39.81031152
-83.47227839999557,39.81031152
-83.47303959999557,39.81031152
-83.47380079999557,39.81031152
-83.47456199999557,39.81031152
-83.47532319999557,39.81031152
-83.47608439999557,39.81031152
-83.47684559999557,39.81031152
-83.47760679999557,39.81031152
-83.47836799999557,39.81031152
-83.47912919999557,39.81031152
-83.47989039999557,39.81031152
-83.48065159999557,39.81031152
-83.48141279999557,39.81031152
-83.48217399999557,39.81031152
-83.48293519999557,39.81031152
-83.48369639999557,39.81031152
-83.48445759999557,39.81031152
-83.48521879999556,39.81031152
-83.48597999999556,39.81031152
-83.48674119999556,39.81031152
-83.48750239999556,39.81031152
-83.48826359999556,39.81031152
-83.48902479999556,39.81031152
-83.48978599999556,39.81031152
-83.49054719999556,39.81031152
-83.49130839999556,39.81031152
-83.49206959999556,39.81031152
-83.49283079999556,39.81031152
-83.49359199999556,39.81031152
-83.49435319999556,39.81031152
-83.49511439999556,39.81031152
-83.49587559999556,39.81031152
-83.49663679999556,39.81031152
-83.49739799999556,39.81031152
-83.49815919999556,39.81031152
-83.49892039999555,39.81031152
-83.49968159999555,39.81031152
-83.50044279999555,39.81031152
-83.50120399999555,39.81031152
-83.50196519999555,39.81031152
-83.50272639999555,39.81031152
-83.50348759999555,39.81031152
-83.50424879999555,39.81031152
-83.50500999999555,39.81031152
-83.50577119999555,39.81031152
-83.50653239999555,39.81031152
-83.50729359999555,39.81031152
-83.50805479999555,39.81031152
-83.50881599999555,39.81031152
-83.50957719999555,39.81031152
-83.51033839999555,39.81031152
-83.51109959999555,39.81031152
-83.51186079999555,39.81031152
-83.51262199999555,39.81031152
-83.51338319999554,39.81031152
-83.51414439999554,39.81031152
-83.51490559999554,39.81031152
-83.51566679999554,39.81031152
-83.51642799999554,39.81031152
-83.51718919999554,39.81031152
-83.51795039999554,39.81031152
-83.51871159999554,39.81031152
-83.51947279999554,39.81031152
-83.52023399999554,39.81031152
-83.52099519999554,39.81031152
-83.52175639999554,39.81031152
-83.52251759999554,39.81031152
-83.52327879999554,39.81031152
-83.52403999999554,39.81031152
-83.52480119999554,39.81031152
-83.52556239999554,39.81031152
-83.52632359999554,39.81031152
-83.52708479999554,39.81031152
-83.52784599999553,39.81031152
-83.52860719999553,39.81031152
-83.52936839999553,39.81031152
-83.53012959999553,39.81031152
-83.53089079999553,39.81031152
-83.53165199999553,39.81031152
-83.53241319999553,39.81031152
-83.53317439999553,39.81031152
-83.53393559999553,39.81031152
-83.53469679999553,39.81031152
-83.53545799999553,39.81031152
-83.53621919999553,39.81031152
