-77.20608,39.858830000000005
-77.2068412,39.858830000000005
-77.2076024,39.858830000000005
-77.2083636,39.858830000000005
-77.2091248,39.858830000000005
-77.209886,39.858830000000005
-77.2106472,39.858830000000005
-77.2114084,39.858830000000005
-77.2121696,39.858830000000005
-77.2129308,39.858830000000005
-77.213692,39.858830000000005
-77.2144532,39.858830000000005
-77.2152144,39.858830000000005
-77.2159756,39.858830000000005
-77.21673679999999,39.858830000000005
-77.21749799999999,39.858830000000005
-77.21825919999999,39.858830000000005
-77.21902039999999,39.858830000000005
-77.21978159999999,39.858830000000005
-77.22054279999999,39.858830000000005
-77.22130399999999,39.858830000000005
-77.22206519999999,39.858830000000005
-77.22282639999999,39.858830000000005
-77.22358759999999,39.858830000000005
-77.22434879999999,39.858830000000005
-77.22510999999999,39.858830000000005
-77.22587119999999,39.858830000000005
-77.22663239999999,39.858830000000005
-77.22739359999998,39.858830000000005
-77.22815479999998,39.858830000000005
-77.22891599999998,39.858830000000005
-77.22967719999998,39.858830000000005
-77.23043839999998,39.858830000000005
-77.23119959999998,39.858830000000005
-77.23196079999998,39.858830000000005
-77.23272199999998,39.858830000000005
-77.23348319999998,39.858830000000005
-77.23424439999998,39.858830000000005
-77.23500559999998,39.858830000000005
-77.23576679999998,39.858830000000005
-77.23652799999998,39.858830000000005
-77.23728919999998,39.858830000000005
-77.23805039999998,39.858830000000005
-77.23881159999998,39.858830000000005
-77.23957279999998,39.858830000000005
-77.24033399999998,39.858830000000005
-77.24109519999998,39.858830000000005
-77.24185639999997,39.858830000000005
-77.24261759999997,39.858830000000005
-77.24337879999997,39.858830000000005
-77.24413999999997,39.858830000000005
-77.24490119999997,39.858830000000005
-77.24566239999997,39.858830000000005
-77.24642359999997,39.858830000000005
-77.24718479999997,39.858830000000005
-77.24794599999997,39.858830000000005
-77.24870719999997,39.858830000000005
-77.24946839999997,39.858830000000005
-77.25022959999997,39.858830000000005
-77.25099079999997,39.858830000000005
-77.25175199999997,39.858830000000005
-77.25251319999997,39.858830000000005
-77.25327439999997,39.858830000000005
-77.25403559999997,39.858830000000005
-77.25479679999997,39.858830000000005
-77.25555799999997,39.858830000000005
-77.25631919999996,39.858830000000005
-77.25708039999996,39.858830000000005
-77.25784159999996,39.858830000000005
-77.25860279999996,39.858830000000005
-77.25936399999996,39.858830000000005
-77.26012519999996,39.858830000000005
-77.26088639999996,39.858830000000005
-77.26164759999996,39.858830000000005
-77.26240879999996,39.858830000000005
-77.26316999999996,39.858830000000005
-77.26393119999996,39.858830000000005
-77.26469239999996,39.858830000000005
-77.26545359999996,39.858830000000005
-77.26621479999996,39.858830000000005
-77.26697599999996,39.858830000000005
-77.26773719999996,39.858830000000005
-77.26849839999996,39.858830000000005
-77.26925959999996,39.858830000000005
-77.27002079999995,39.858830000000005
-77.27078199999995,39.858830000000005
-77.27154319999995,39.858830000000005
-77.27230439999995,39.858830000000005
-77.27306559999995,39.858830000000005
-77.27382679999995,39.858830000000005
-77.27458799999995,39.858830000000005
-77.27534919999995,39.858830000000005
-77.27611039999995,39.858830000000005
-77.27687159999995,39.858830000000005
-77.27763279999995,39.858830000000005
-77.27839399999995,39.858830000000005
-77.27915519999995,39.858830000000005
-77.27991639999995,39.858830000000005
-77.28067759999995,39.858830000000005
-77.28143879999995,39.858830000000005
-77.28143879999995,39.858245440000005
-77.28219999999995,39.858245440000005
-77.28296119999995,39.858245440000005
-77.28372239999995,39.858245440000005
-77.28448359999994,39.858245440000005
-77.28524479999994,39.858245440000005
-77.28600599999994,39.858245440000005
-77.28676719999994,39.858245440000005
-77.28752839999994,39.858245440000005
-77.28828959999994,39.858245440000005
-77.28905079999994,39.858245440000005
-77.28981199999994,39.858245440000005
-77.29057319999994,39.858245440000005
-77.29133439999994,39.858245440000005
-77.29209559999994,39.858245440000005
-77.29285679999994,39.858245440000005
-77.29361799999994,39.858245440000005
-77.29437919999994,39.858245440000005
-77.29514039999994,39.858245440000005
-77.29590159999994,39.858245440000005
-77.29666279999994,39.858245440000005
-77.29742399999994,39.858245440000005
-77.29818519999993,39.858245440000005
-77.29894639999993,39.858245440000005
-77.29970759999993,39.858245440000005
-77.30046879999993,39.858245440000005
-77.30122999999993,39.858245440000005
-77.30199119999993,39.858245440000005
-77.30275239999993,39.858245440000005
-77.30351359999993,39.858245440000005
-77.30427479999993,39.858245440000005
-77.30503599999993,39.858245440000005
-77.30579719999993,39.858245440000005
-77.30655839999993,39.858245440000005
-77.30731959999993,39.858245440000005
-77.30808079999993,39.858245440000005
-77.30884199999993,39.858245440000005
-77.30960319999993,39.858245440000005
-77.31036439999993,39.858245440000005
-77.31112559999993,39.858245440000005
-77.31188679999993,39.858245440000005
-77.31264799999992,39.858245440000005
-77.31340919999992,39.858245440000005
-77.31417039999992,39.858245440000005
-77.31493159999992,39.858245440000005
-77.31569279999992,39.858245440000005
-77.31645399999992,39.858245440000005
-77.31721519999992,39.858245440000005
-77.31797639999992,39.858245440000005
-77.31873759999992,39.858245440000005
-77.31949879999992,39.858245440000005
-77.32025999999992,39.858245440000005
-77.32102119999992,39.858245440000005
-77.32178239999992,39.858245440000005
-77.32254359999992,39.858245440000005
-77.32330479999992,39.858245440000005
-77.32406599999992,39.858245440000005
-77.32482719999992,39.858245440000005
-77.32558839999992,39.858245440000005
-77.32634959999992,39.858245440000005
-77.32711079999991,39.858245440000005
-77.32787199999991,39.858245440000005
-77.32863319999991,39.858245440000005
-77.32939439999991,39.858245440000005
-77.33015559999991,39.858245440000005
-77.33091679999991,39.858245440000005
-77.33167799999991,39.858245440000005
-77.33243919999991,39.858245440000005
-77.33320039999991,39.858245440000005
-77.33396159999991,39.858245440000005
-77.33472279999991,39.858245440000005
-77.33548399999991,39.858245440000005
-77.33624519999991,39.858245440000005
-77.33700639999991,39.858245440000005
-77.3377675999999,39.858245440000005
-77.3385287999999,39.858245440000005
-77.3392899999999,39.858245440000005
-77.3400511999999,39.858245440000005
-77.3408123999999,39.858245440000005
-77.3415735999999,39.858245440000005
-77.3423347999999,39.858245440000005
-77.3430959999999,39.858245440000005
-77.3438571999999,39.858245440000005
-77.3446183999999,39.858245440000005
-77.3453795999999,39.858245440000005
-77.3461407999999,39.858245440000005
-77.3469019999999,39.858245440000005
-77.3476631999999,39.858245440000005
-77.3484243999999,39.858245440000005
-77.3491855999999,39.858245440000005
-77.3499467999999,39.858245440000005
-77.3507079999999,39.858245440000005
-77.3514691999999,39.858245440000005
-77.3522303999999,39.858245440000005
-77.3529915999999,39.858245440000005
-77.3537527999999,39.858245440000005
-77.3545139999999,39.858245440000005
-77.3552751999999,39.858245440000005
-77.3560363999999,39.858245440000005
-77.3567975999999,39.858245440000005
-77.3567975999999,39.857660880000005
-77.3575587999999,39.857660880000005
-77.35831999999989,39.857660880000005
-77.35908119999989,39.857660880000005
-77.35984239999989,39.857660880000005
-77.36060359999989,39.857660880000005
-77.36136479999989,39.857660880000005
-77.36212599999989,39.857660880000005
-77.36288719999989,39.857660880000005
-77.36364839999989,39.857660880000005
-77.36440959999989,39.857660880000005
-77.36517079999989,39.857660880000005
-77.36593199999989,39.857660880000005
-77.36669319999989,39.857660880000005
-77.36745439999989,39.857660880000005
-77.36821559999989,39.857660880000005
-77.36897679999988,39.857660880000005
-77.36973799999988,39.857660880000005
-77.37049919999988,39.857660880000005
-77.37126039999988,39.857660880000005
-77.37202159999988,39.857660880000005
-77.37278279999988,39.857660880000005
-77.37354399999988,39.857660880000005
-77.37430519999988,39.857660880000005
-77.37506639999988,39.857660880000005
-77.37582759999988,39.857660880000005
-77.37658879999988,39.857660880000005
-77.37734999999988,39.857660880000005
-77.37811119999988,39.857660880000005
-77.37887239999988,39.857660880000005
-77.37963359999988,39.857660880000005
-77.38039479999988,39.857660880000005
-77.38115599999988,39.857660880000005
-77.38191719999988,39.857660880000005
-77.38267839999988,39.857660880000005
-77.38343959999987,39.857660880000005
-77.38420079999987,39.857660880000005
-77.38496199999987,39.857660880000005
-77.38572319999987,39.857660880000005
-77.38648439999987,39.857660880000005
-77.38724559999987,39.857660880000005
-77.38800679999987,39.857660880000005
-77.38876799999987,39.857660880000005
-77.38952919999987,39.857660880000005
-77.39029039999987,39.857660880000005
-77.39105159999987,39.857660880000005
-77.39181279999987,39.857660880000005
-77.39257399999987,39.857660880000005
-77.39333519999987,39.857660880000005
-77.39409639999987,39.857660880000005
-77.39485759999987,39.857660880000005
-77.39561879999987,39.857660880000005
-77.39637999999987,39.857660880000005
-77.39714119999987,39.857660880000005
-77.39790239999986,39.857660880000005
-77.39866359999986,39.857660880000005
-77.39942479999986,39.857660880000005
-77.40018599999986,39.857660880000005
-77.40094719999986,39.857660880000005
-77.40170839999986,39.857660880000005
-77.40246959999986,39.857660880000005
-77.40323079999986,39.857660880000005
-77.40399199999986,39.857660880000005
-77.40475319999986,39.857660880000005
-77.40551439999986,39.857660880000005
-77.40627559999986,39.857660880000005
-77.40703679999986,39.857660880000005
-77.40779799999986,39.857660880000005
-77.40855919999986,39.857660880000005
-77.40932039999986,39.857660880000005
-77.41008159999986,39.857660880000005
-77.41084279999986,39.857660880000005
-77.41160399999985,39.857660880000005
-77.41236519999985,39.857660880000005
-77.41312639999985,39.857660880000005
-77.41388759999985,39.857660880000005
-77.41464879999985,39.857660880000005
-77.41540999999985,39.857660880000005
-77.41617119999985,39.857660880000005
-77.41693239999985,39.857660880000005
-77.41769359999985,39.857660880000005
-77.41845479999985,39.857660880000005
-77.41921599999985,39.857660880000005
-77.41997719999985,39.857660880000005
-77.42073839999985,39.857660880000005
-77.42149959999985,39.857660880000005
-77.42226079999985,39.857660880000005
-77.42302199999985,39.857660880000005
-77.42378319999985,39.857660880000005
-77.42454439999985,39.857660880000005
-77.42530559999985,39.857660880000005
-77.42606679999984,39.857660880000005
-77.42682799999984,39.857660880000005
-77.42758919999984,39.857660880000005
-77.42835039999984,39.857660880000005
-77.42911159999984,39.857660880000005
-77.42987279999984,39.857660880000005
-77.43063399999984,39.857660880000005
-77.43139519999984,39.857660880000005
-77.43215639999984,39.857660880000005
-77.43215639999984,39.857076320000004
-77.43291759999984,39.857076320000004
-77.43367879999984,39.857076320000004
-77.43443999999984,39.857076320000004
-77.43520119999984,39.857076320000004
-77.43596239999984,39.857076320000004
-77.43672359999984,39.857076320000004
-77.43748479999984,39.857076320000004
-77.43824599999984,39.857076320000004
-77.43900719999984,39.857076320000004
-77.43976839999983,39.857076320000004
-77.44052959999983,39.857076320000004
-77.44129079999983,39.857076320000004
-77.44205199999983,39.857076320000004
-77.44281319999983,39.857076320000004
-77.44357439999983,39.857076320000004
-77.44433559999983,39.857076320000004
-77.44509679999983,39.857076320000004
-77.44585799999983,39.857076320000004
-77.44661919999983,39.857076320000004
-77.44738039999983,39.857076320000004
-77.44814159999983,39.857076320000004
-77.44890279999983,39.857076320000004
-77.44966399999983,39.857076320000004
-77.45042519999983,39.857076320000004
-77.45118639999983,39.857076320000004
-77.45194759999983,39.857076320000004
-77.45270879999983,39.857076320000004
-77.45346999999983,39.857076320000004
-77.45423119999982,39.857076320000004
-77.45499239999982,39.857076320000004
-77.45575359999982,39.857076320000004
-77.45651479999982,39.857076320000004
-77.45727599999982,39.857076320000004
-77.45803719999982,39.857076320000004
-77.45879839999982,39.857076320000004
-77.45955959999982,39.857076320000004
-77.46032079999982,39.857076320000004
-77.46108199999982,39.857076320000004
-77.46184319999982,39.857076320000004
-77.46260439999982,39.857076320000004
-77.46336559999982,39.857076320000004
-77.46412679999982,39.857076320000004
-77.46488799999982,39.857076320000004
-77.46564919999982,39.857076320000004
-77.46641039999982,39.857076320000004
-77.46717159999982,39.857076320000004
-77.46793279999982,39.857076320000004
-77.46869399999981,39.857076320000004
-77.46945519999981,39.857076320000004
-77.47021639999981,39.857076320000004
-77.47097759999981,39.857076320000004
-77.47173879999981,39.857076320000004
-77.47249999999981,39.857076320000004
-77.47326119999981,39.857076320000004
-77.47402239999981,39.857076320000004
-77.47478359999981,39.857076320000004
-77.47554479999981,39.857076320000004
-77.47630599999981,39.857076320000004
-77.47706719999981,39.857076320000004
-77.47782839999981,39.857076320000004
-77.47858959999981,39.857076320000004
-77.4793507999998,39.857076320000004
-77.4801119999998,39.857076320000004
-77.4808731999998,39.857076320000004
-77.4816343999998,39.857076320000004
-77.4823955999998,39.857076320000004
-77.4831567999998,39.857076320000004
-77.4839179999998,39.857076320000004
-77.4846791999998,39.857076320000004
-77.4854403999998,39.857076320000004
-77.4862015999998,39.857076320000004
-77.4869627999998,39.857076320000004
-77.4877239999998,39.857076320000004
-77.4884851999998,39.857076320000004
-77.4892463999998,39.857076320000004
-77.4900075999998,39.857076320000004
-77.4907687999998,39.857076320000004
-77.4915299999998,39.857076320000004
-77.4922911999998,39.857076320000004
-77.4930523999998,39.857076320000004
-77.4938135999998,39.857076320000004
-77.4945747999998,39.857076320000004
-77.4953359999998,39.857076320000004
-77.4960971999998,39.857076320000004
-77.4968583999998,39.857076320000004
-77.4976195999998,39.857076320000004
-77.4983807999998,39.857076320000004
-77.4991419999998,39.857076320000004
-77.49990319999979,39.857076320000004
-77.50066439999979,39.857076320000004
-77.50142559999979,39.857076320000004
-77.50218679999979,39.857076320000004
-77.50294799999979,39.857076320000004
-77.50370919999979,39.857076320000004
-77.50447039999979,39.857076320000004
-77.50523159999979,39.857076320000004
-77.50599279999979,39.857076320000004
-77.50675399999979,39.857076320000004
-77.50751519999979,39.857076320000004
