-79.01469119999872,39.84480056
-79.01545239999872,39.84480056
-79.01621359999872,39.84480056
-79.01697479999872,39.84480056
-79.01773599999872,39.84480056
-79.01849719999872,39.84480056
-79.01925839999872,39.84480056
-79.02001959999872,39.84480056
-79.02078079999872,39.84480056
-79.02154199999872,39.84480056
-79.02230319999872,39.84480056
-79.02306439999872,39.84480056
-79.02382559999872,39.84480056
-79.02458679999872,39.84480056
-79.02534799999871,39.84480056
-79.02610919999871,39.84480056
-79.02687039999871,39.84480056
-79.02763159999871,39.84480056
-79.02839279999871,39.84480056
-79.02915399999871,39.84480056
-79.02991519999871,39.84480056
-79.03067639999871,39.84480056
-79.03143759999871,39.84480056
-79.03219879999871,39.84480056
-79.03295999999871,39.84480056
-79.03372119999871,39.84480056
-79.03448239999871,39.84480056
-79.03524359999871,39.84480056
-79.03600479999871,39.84480056
-79.0367659999987,39.84480056
-79.0375271999987,39.84480056
-79.0382883999987,39.84480056
-79.0390495999987,39.84480056
-79.0398107999987,39.84480056
-79.0405719999987,39.84480056
-79.0413331999987,39.84480056
-79.0420943999987,39.84480056
-79.0428555999987,39.84480056
-79.0436167999987,39.84480056
-79.0443779999987,39.84480056
-79.0451391999987,39.84480056
-79.0459003999987,39.84480056
-79.0466615999987,39.84480056
-79.0474227999987,39.84480056
-79.0481839999987,39.84480056
-79.0489451999987,39.84480056
-79.0497063999987,39.84480056
-79.0504675999987,39.84480056
-79.0512287999987,39.84480056
-79.0519899999987,39.84480056
-79.0527511999987,39.84480056
-79.0535123999987,39.84480056
-79.0542735999987,39.84480056
-79.0550347999987,39.84480056
-79.0557959999987,39.84480056
-79.0565571999987,39.84480056
-79.05731839999869,39.84480056
-79.05807959999869,39.84480056
-79.05884079999869,39.84480056
-79.05960199999869,39.84480056
-79.06036319999869,39.84480056
-79.06112439999869,39.84480056
-79.06188559999869,39.84480056
-79.06264679999869,39.84480056
-79.06340799999869,39.84480056
-79.06416919999869,39.84480056
-79.06493039999869,39.84480056
-79.06569159999869,39.84480056
-79.06645279999869,39.84480056
-79.06721399999869,39.84480056
-79.06797519999868,39.84480056
-79.06873639999868,39.84480056
-79.06949759999868,39.84480056
-79.07025879999868,39.84480056
-79.07101999999868,39.84480056
-79.07178119999868,39.84480056
-79.07254239999868,39.84480056
-79.07330359999868,39.84480056
-79.07406479999868,39.84480056
-79.07482599999868,39.84480056
-79.07558719999868,39.84480056
-79.07634839999868,39.84480056
-79.07710959999868,39.84480056
-79.07787079999868,39.84480056
-79.07863199999868,39.84480056
-79.07939319999868,39.84480056
-79.08015439999868,39.84480056
-79.08091559999868,39.84480056
-79.08167679999868,39.84480056
-79.08243799999867,39.84480056
-79.08319919999867,39.84480056
-79.08396039999867,39.84480056
-79.08472159999867,39.84480056
-79.08548279999867,39.84480056
-79.08624399999867,39.84480056
-79.08700519999867,39.84480056
-79.08776639999867,39.84480056
-79.08852759999867,39.84480056
-79.08928879999867,39.84480056
-79.09004999999867,39.84480056
-79.09004999999867,39.844216
-79.09081119999867,39.844216
-79.09157239999867,39.844216
-79.09233359999867,39.844216
-79.09309479999867,39.844216
-79.09385599999867,39.844216
-79.09461719999867,39.844216
-79.09537839999867,39.844216
-79.09613959999866,39.844216
-79.09690079999866,39.844216
-79.09766199999866,39.844216
-79.09842319999866,39.844216
-79.09918439999866,39.844216
-79.09994559999866,39.844216
-79.10070679999866,39.844216
-79.10146799999866,39.844216
-79.10222919999866,39.844216
-79.10299039999866,39.844216
-79.10375159999866,39.844216
-79.10451279999866,39.844216
-79.10527399999866,39.844216
-79.10603519999866,39.844216
-79.10679639999866,39.844216
-79.10755759999866,39.844216
-79.10831879999866,39.844216
-79.10907999999866,39.844216
-79.10984119999866,39.844216
-79.11060239999865,39.844216
-79.11136359999865,39.844216
-79.11212479999865,39.844216
-79.11288599999865,39.844216
-79.11364719999865,39.844216
-79.11440839999865,39.844216
-79.11516959999865,39.844216
-79.11593079999865,39.844216
-79.11669199999865,39.844216
-79.11745319999865,39.844216
-79.11821439999865,39.844216
-79.11897559999865,39.844216
-79.11973679999865,39.844216
-79.12049799999865,39.844216
-79.12125919999865,39.844216
-79.12202039999865,39.844216
-79.12278159999865,39.844216
-79.12354279999865,39.844216
-79.12430399999865,39.844216
-79.12506519999864,39.844216
-79.12582639999864,39.844216
-79.12658759999864,39.844216
-79.12734879999864,39.844216
-79.12810999999864,39.844216
-79.12887119999864,39.844216
-79.12963239999864,39.844216
-79.13039359999864,39.844216
-79.13115479999864,39.844216
-79.13191599999864,39.844216
-79.13267719999864,39.844216
-79.13343839999864,39.844216
-79.13419959999864,39.844216
-79.13496079999864,39.844216
-79.13572199999864,39.844216
-79.13648319999864,39.844216
-79.13724439999864,39.844216
-79.13800559999864,39.844216
-79.13876679999863,39.844216
-79.13952799999863,39.844216
-79.14028919999863,39.844216
-79.14105039999863,39.844216
-79.14181159999863,39.844216
-79.14257279999863,39.844216
-79.14333399999863,39.844216
-79.14409519999863,39.844216
-79.14485639999863,39.844216
-79.14561759999863,39.844216
-79.14637879999863,39.844216
-79.14713999999863,39.844216
-79.14790119999863,39.844216
-79.14866239999863,39.844216
-79.14942359999863,39.844216
-79.15018479999863,39.844216
-79.15094599999863,39.844216
-79.15170719999863,39.844216
-79.15246839999863,39.844216
-79.15322959999862,39.844216
-79.15399079999862,39.844216
-79.15475199999862,39.844216
-79.15551319999862,39.844216
-79.15627439999862,39.844216
-79.15703559999862,39.844216
-79.15779679999862,39.844216
-79.15855799999862,39.844216
-79.15931919999862,39.844216
-79.16008039999862,39.844216
-79.16084159999862,39.844216
-79.16160279999862,39.844216
-79.16236399999862,39.844216
-79.16312519999862,39.844216
-79.16388639999862,39.844216
-79.16464759999862,39.844216
-79.16540879999862,39.844216
-79.16540879999862,39.84363144
-79.16616999999862,39.84363144
-79.16693119999861,39.84363144
-79.16769239999861,39.84363144
-79.16845359999861,39.84363144
-79.16921479999861,39.84363144
-79.16997599999861,39.84363144
-79.17073719999861,39.84363144
-79.17149839999861,39.84363144
-79.17225959999861,39.84363144
-79.17302079999861,39.84363144
-79.17378199999861,39.84363144
-79.17454319999861,39.84363144
-79.17530439999861,39.84363144
-79.17606559999861,39.84363144
-79.17682679999861,39.84363144
-79.17758799999861,39.84363144
-79.1783491999986,39.84363144
-79.1791103999986,39.84363144
-79.1798715999986,39.84363144
-79.1806327999986,39.84363144
-79.1813939999986,39.84363144
-79.1821551999986,39.84363144
-79.1829163999986,39.84363144
-79.1836775999986,39.84363144
-79.1844387999986,39.84363144
-79.1851999999986,39.84363144
-79.1859611999986,39.84363144
-79.1867223999986,39.84363144
-79.1874835999986,39.84363144
-79.1882447999986,39.84363144
-79.1890059999986,39.84363144
-79.1897671999986,39.84363144
-79.1905283999986,39.84363144
-79.1912895999986,39.84363144
-79.1920507999986,39.84363144
-79.1928119999986,39.84363144
-79.1935731999986,39.84363144
-79.1943343999986,39.84363144
-79.1950955999986,39.84363144
-79.1958567999986,39.84363144
-79.1966179999986,39.84363144
-79.1973791999986,39.84363144
-79.1981403999986,39.84363144
-79.19890159999859,39.84363144
-79.19966279999859,39.84363144
-79.20042399999859,39.84363144
-79.20118519999859,39.84363144
-79.20194639999859,39.84363144
-79.20270759999859,39.84363144
-79.20346879999859,39.84363144
-79.20422999999859,39.84363144
-79.20499119999859,39.84363144
-79.20575239999859,39.84363144
-79.20651359999859,39.84363144
-79.20727479999859,39.84363144
-79.20803599999859,39.84363144
-79.20879719999859,39.84363144
-79.20955839999858,39.84363144
-79.21031959999858,39.84363144
-79.21108079999858,39.84363144
-79.21184199999858,39.84363144
-79.21260319999858,39.84363144
-79.21336439999858,39.84363144
-79.21412559999858,39.84363144
-79.21488679999858,39.84363144
-79.21564799999858,39.84363144
-79.21640919999858,39.84363144
-79.21717039999858,39.84363144
-79.21793159999858,39.84363144
-79.21869279999858,39.84363144
-79.21945399999858,39.84363144
-79.22021519999858,39.84363144
-79.22097639999858,39.84363144
-79.22173759999858,39.84363144
-79.22249879999858,39.84363144
-79.22325999999858,39.84363144
-79.22402119999857,39.84363144
-79.22478239999857,39.84363144
-79.22554359999857,39.84363144
-79.22630479999857,39.84363144
-79.22706599999857,39.84363144
-79.22782719999857,39.84363144
-79.22858839999857,39.84363144
-79.22934959999857,39.84363144
-79.23011079999857,39.84363144
-79.23087199999857,39.84363144
-79.23163319999857,39.84363144
-79.23239439999857,39.84363144
-79.23315559999857,39.84363144
-79.23391679999857,39.84363144
-79.23467799999857,39.84363144
-79.23543919999857,39.84363144
-79.23620039999857,39.84363144
-79.23696159999857,39.84363144
-79.23772279999856,39.84363144
-79.23848399999856,39.84363144
-79.23924519999856,39.84363144
-79.24000639999856,39.84363144
-79.24076759999856,39.84363144
-79.24076759999856,39.84304688
-79.24152879999856,39.84304688
-79.24228999999856,39.84304688
-79.24305119999856,39.84304688
-79.24381239999856,39.84304688
-79.24457359999856,39.84304688
-79.24533479999856,39.84304688
-79.24609599999856,39.84304688
-79.24685719999856,39.84304688
-79.24761839999856,39.84304688
-79.24837959999856,39.84304688
-79.24914079999856,39.84304688
-79.24990199999856,39.84304688
-79.25066319999856,39.84304688
-79.25142439999856,39.84304688
-79.25218559999855,39.84304688
-79.25294679999855,39.84304688
-79.25370799999855,39.84304688
-79.25446919999855,39.84304688
-79.25523039999855,39.84304688
-79.25599159999855,39.84304688
-79.25675279999855,39.84304688
-79.25751399999855,39.84304688
-79.25827519999855,39.84304688
-79.25903639999855,39.84304688
-79.25979759999855,39.84304688
-79.26055879999855,39.84304688
-79.26131999999855,39.84304688
-79.26208119999855,39.84304688
-79.26284239999855,39.84304688
-79.26360359999855,39.84304688
-79.26436479999855,39.84304688
-79.26512599999855,39.84304688
-79.26588719999855,39.84304688
-79.26664839999854,39.84304688
-79.26740959999854,39.84304688
-79.26817079999854,39.84304688
-79.26893199999854,39.84304688
-79.26969319999854,39.84304688
-79.27045439999854,39.84304688
-79.27121559999854,39.84304688
-79.27197679999854,39.84304688
-79.27273799999854,39.84304688
-79.27349919999854,39.84304688
-79.27426039999854,39.84304688
-79.27502159999854,39.84304688
-79.27578279999854,39.84304688
-79.27654399999854,39.84304688
-79.27730519999854,39.84304688
-79.27806639999854,39.84304688
-79.27882759999854,39.84304688
-79.27958879999854,39.84304688
-79.28034999999853,39.84304688
-79.28111119999853,39.84304688
-79.28187239999853,39.84304688
-79.28263359999853,39.84304688
-79.28339479999853,39.84304688
-79.28415599999853,39.84304688
-79.28491719999853,39.84304688
-79.28567839999853,39.84304688
-79.28643959999853,39.84304688
-79.28720079999853,39.84304688
-79.28796199999853,39.84304688
-79.28872319999853,39.84304688
-79.28948439999853,39.84304688
-79.29024559999853,39.84304688
-79.29100679999853,39.84304688
-79.29176799999853,39.84304688
-79.29252919999853,39.84304688
-79.29329039999853,39.84304688
-79.29405159999853,39.84304688
-79.29481279999852,39.84304688
-79.29557399999852,39.84304688
-79.29633519999852,39.84304688
-79.29709639999852,39.84304688
-79.29785759999852,39.84304688
-79.29861879999852,39.84304688
-79.29937999999852,39.84304688
-79.30014119999852,39.84304688
-79.30090239999852,39.84304688
-79.30166359999852,39.84304688
-79.30242479999852,39.84304688
-79.30318599999852,39.84304688
-79.30394719999852,39.84304688
-79.30470839999852,39.84304688
-79.30546959999852,39.84304688
-79.30623079999852,39.84304688
-79.30699199999852,39.84304688
-79.30775319999852,39.84304688
-79.30851439999851,39.84304688
-79.30927559999851,39.84304688
-79.31003679999851,39.84304688
-79.31079799999851,39.84304688
-79.31155919999851,39.84304688
-79.31232039999851,39.84304688
-79.31308159999851,39.84304688
-79.31384279999851,39.84304688
-79.31460399999851,39.84304688
-79.31536519999851,39.84304688
-79.31612639999851,39.84304688
