-79.91899679999808,39.83778584
-79.91975799999808,39.83778584
-79.92051919999808,39.83778584
-79.92128039999808,39.83778584
-79.92204159999808,39.83778584
-79.92280279999808,39.83778584
-79.92356399999808,39.83778584
-79.92432519999808,39.83778584
-79.92508639999808,39.83778584
-79.92584759999808,39.83778584
-79.92660879999808,39.83778584
-79.92736999999808,39.83778584
-79.92813119999808,39.83778584
-79.92889239999808,39.83778584
-79.92965359999808,39.83778584
-79.93041479999808,39.83778584
-79.93117599999808,39.83778584
-79.93193719999807,39.83778584
-79.93269839999807,39.83778584
-79.93345959999807,39.83778584
-79.93422079999807,39.83778584
-79.93498199999807,39.83778584
-79.93574319999807,39.83778584
-79.93650439999807,39.83778584
-79.93726559999807,39.83778584
-79.93802679999807,39.83778584
-79.93878799999807,39.83778584
-79.93954919999807,39.83778584
-79.94031039999807,39.83778584
-79.94107159999807,39.83778584
-79.94183279999807,39.83778584
-79.94259399999807,39.83778584
-79.94335519999807,39.83778584
-79.94411639999807,39.83778584
-79.94487759999807,39.83778584
-79.94563879999806,39.83778584
-79.94639999999806,39.83778584
-79.94716119999806,39.83778584
-79.94792239999806,39.83778584
-79.94868359999806,39.83778584
-79.94944479999806,39.83778584
-79.95020599999806,39.83778584
-79.95096719999806,39.83778584
-79.95172839999806,39.83778584
-79.95248959999806,39.83778584
-79.95325079999806,39.83778584
-79.95401199999806,39.83778584
-79.95477319999806,39.83778584
-79.95553439999806,39.83778584
-79.95629559999806,39.83778584
-79.95705679999806,39.83778584
-79.95781799999806,39.83778584
-79.95857919999806,39.83778584
-79.95934039999806,39.83778584
-79.96010159999805,39.83778584
-79.96086279999805,39.83778584
-79.96162399999805,39.83778584
-79.96238519999805,39.83778584
-79.96314639999805,39.83778584
-79.96390759999805,39.83778584
-79.96466879999805,39.83778584
-79.96542999999805,39.83778584
-79.96619119999805,39.83778584
-79.96695239999805,39.83778584
-79.96771359999805,39.83778584
-79.96847479999805,39.83778584
-79.96923599999805,39.83778584
-79.96999719999805,39.83778584
-79.97075839999805,39.83778584
-79.97151959999805,39.83778584
-79.97228079999805,39.83778584
-79.97304199999805,39.83778584
-79.97380319999804,39.83778584
-79.97456439999804,39.83778584
-79.97532559999804,39.83778584
-79.97608679999804,39.83778584
-79.97684799999804,39.83778584
-79.97760919999804,39.83778584
-79.97837039999804,39.83778584
-79.97913159999804,39.83778584
-79.97989279999804,39.83778584
-79.98065399999804,39.83778584
-79.98141519999804,39.83778584
-79.98217639999804,39.83778584
-79.98293759999804,39.83778584
-79.98369879999804,39.83778584
-79.98445999999804,39.83778584
-79.98522119999804,39.83778584
-79.98598239999804,39.83778584
-79.98674359999804,39.83778584
-79.98750479999804,39.83778584
-79.98826599999803,39.83778584
-79.98902719999803,39.83778584
-79.98978839999803,39.83778584
-79.99054959999803,39.83778584
-79.99131079999803,39.83778584
-79.99207199999803,39.83778584
-79.99283319999803,39.83778584
-79.99359439999803,39.83778584
-79.99435559999803,39.83778584
-79.99435559999803,39.83720128
-79.99511679999803,39.83720128
-79.99587799999803,39.83720128
-79.99663919999803,39.83720128
-79.99740039999803,39.83720128
-79.99816159999803,39.83720128
-79.99892279999803,39.83720128
-79.99968399999803,39.83720128
-80.00044519999803,39.83720128
-80.00120639999803,39.83720128
-80.00196759999803,39.83720128
-80.00272879999802,39.83720128
-80.00348999999802,39.83720128
-80.00425119999802,39.83720128
-80.00501239999802,39.83720128
-80.00577359999802,39.83720128
-80.00653479999802,39.83720128
-80.00729599999802,39.83720128
-80.00805719999802,39.83720128
-80.00881839999802,39.83720128
-80.00957959999802,39.83720128
-80.01034079999802,39.83720128
-80.01110199999802,39.83720128
-80.01186319999802,39.83720128
-80.01262439999802,39.83720128
-80.01338559999802,39.83720128
-80.01414679999802,39.83720128
-80.01490799999802,39.83720128
-80.01566919999802,39.83720128
-80.01643039999801,39.83720128
-80.01719159999801,39.83720128
-80.01795279999801,39.83720128
-80.01871399999801,39.83720128
-80.01947519999801,39.83720128
-80.02023639999801,39.83720128
-80.02099759999801,39.83720128
-80.02175879999801,39.83720128
-80.02251999999801,39.83720128
-80.02328119999801,39.83720128
-80.02404239999801,39.83720128
-80.02480359999801,39.83720128
-80.02556479999801,39.83720128
-80.02632599999801,39.83720128
-80.02708719999801,39.83720128
-80.027848399998,39.83720128
-80.028609599998,39.83720128
-80.029370799998,39.83720128
-80.030131999998,39.83720128
-80.030893199998,39.83720128
-80.031654399998,39.83720128
-80.032415599998,39.83720128
-80.033176799998,39.83720128
-80.033937999998,39.83720128
-80.034699199998,39.83720128
-80.035460399998,39.83720128
-80.036221599998,39.83720128
-80.036982799998,39.83720128
-80.037743999998,39.83720128
-80.038505199998,39.83720128
-80.039266399998,39.83720128
-80.040027599998,39.83720128
-80.040788799998,39.83720128
-80.041549999998,39.83720128
-80.042311199998,39.83720128
-80.043072399998,39.83720128
-80.043833599998,39.83720128
-80.044594799998,39.83720128
-80.045355999998,39.83720128
-80.046117199998,39.83720128
-80.046878399998,39.83720128
-80.04763959999799,39.83720128
-80.04840079999799,39.83720128
-80.04916199999799,39.83720128
-80.04992319999799,39.83720128
-80.05068439999799,39.83720128
-80.05144559999799,39.83720128
-80.05220679999799,39.83720128
-80.05296799999799,39.83720128
-80.05372919999799,39.83720128
-80.05449039999799,39.83720128
-80.05525159999799,39.83720128
-80.05601279999799,39.83720128
-80.05677399999799,39.83720128
-80.05753519999799,39.83720128
-80.05829639999799,39.83720128
-80.05905759999798,39.83720128
-80.05981879999798,39.83720128
-80.06057999999798,39.83720128
-80.06134119999798,39.83720128
-80.06210239999798,39.83720128
-80.06286359999798,39.83720128
-80.06362479999798,39.83720128
-80.06438599999798,39.83720128
-80.06514719999798,39.83720128
-80.06590839999798,39.83720128
-80.06666959999798,39.83720128
-80.06743079999798,39.83720128
-80.06819199999798,39.83720128
-80.06895319999798,39.83720128
-80.06971439999798,39.83720128
-80.06971439999798,39.83661672
-80.07047559999798,39.83661672
-80.07123679999798,39.83661672
-80.07199799999798,39.83661672
-80.07275919999798,39.83661672
-80.07352039999797,39.83661672
-80.07428159999797,39.83661672
-80.07504279999797,39.83661672
-80.07580399999797,39.83661672
-80.07656519999797,39.83661672
-80.07732639999797,39.83661672
-80.07808759999797,39.83661672
-80.07884879999797,39.83661672
-80.07960999999797,39.83661672
-80.08037119999797,39.83661672
-80.08113239999797,39.83661672
-80.08189359999797,39.83661672
-80.08265479999797,39.83661672
-80.08341599999797,39.83661672
-80.08417719999797,39.83661672
-80.08493839999797,39.83661672
-80.08569959999797,39.83661672
-80.08646079999797,39.83661672
-80.08722199999796,39.83661672
-80.08798319999796,39.83661672
-80.08874439999796,39.83661672
-80.08950559999796,39.83661672
-80.09026679999796,39.83661672
-80.09102799999796,39.83661672
-80.09178919999796,39.83661672
-80.09255039999796,39.83661672
-80.09331159999796,39.83661672
-80.09407279999796,39.83661672
-80.09483399999796,39.83661672
-80.09559519999796,39.83661672
-80.09635639999796,39.83661672
-80.09711759999796,39.83661672
-80.09787879999796,39.83661672
-80.09863999999796,39.83661672
-80.09940119999796,39.83661672
-80.10016239999796,39.83661672
-80.10092359999796,39.83661672
-80.10168479999795,39.83661672
-80.10244599999795,39.83661672
-80.10320719999795,39.83661672
-80.10396839999795,39.83661672
-80.10472959999795,39.83661672
-80.10549079999795,39.83661672
-80.10625199999795,39.83661672
-80.10701319999795,39.83661672
-80.10777439999795,39.83661672
-80.10853559999795,39.83661672
-80.10929679999795,39.83661672
-80.11005799999795,39.83661672
-80.11081919999795,39.83661672
-80.11158039999795,39.83661672
-80.11234159999795,39.83661672
-80.11310279999795,39.83661672
-80.11386399999795,39.83661672
-80.11462519999795,39.83661672
-80.11538639999794,39.83661672
-80.11614759999794,39.83661672
-80.11690879999794,39.83661672
-80.11766999999794,39.83661672
-80.11843119999794,39.83661672
-80.11919239999794,39.83661672
-80.11995359999794,39.83661672
-80.12071479999794,39.83661672
-80.12147599999794,39.83661672
-80.12223719999794,39.83661672
-80.12299839999794,39.83661672
-80.12375959999794,39.83661672
-80.12452079999794,39.83661672
-80.12528199999794,39.83661672
-80.12604319999794,39.83661672
-80.12680439999794,39.83661672
-80.12756559999794,39.83661672
-80.12832679999794,39.83661672
-80.12908799999794,39.83661672
-80.12984919999793,39.83661672
-80.13061039999793,39.83661672
-80.13137159999793,39.83661672
-80.13213279999793,39.83661672
-80.13289399999793,39.83661672
-80.13365519999793,39.83661672
-80.13441639999793,39.83661672
-80.13517759999793,39.83661672
-80.13593879999793,39.83661672
-80.13669999999793,39.83661672
-80.13746119999793,39.83661672
-80.13822239999793,39.83661672
-80.13898359999793,39.83661672
-80.13974479999793,39.83661672
-80.14050599999793,39.83661672
-80.14126719999793,39.83661672
-80.14202839999793,39.83661672
-80.14278959999793,39.83661672
-80.14355079999793,39.83661672
-80.14431199999792,39.83661672
-80.14507319999792,39.83661672
-80.14507319999792,39.83603216
-80.14583439999792,39.83603216
-80.14659559999792,39.83603216
-80.14735679999792,39.83603216
-80.14811799999792,39.83603216
-80.14887919999792,39.83603216
-80.14964039999792,39.83603216
-80.15040159999792,39.83603216
-80.15116279999792,39.83603216
-80.15192399999792,39.83603216
-80.15268519999792,39.83603216
-80.15344639999792,39.83603216
-80.15420759999792,39.83603216
-80.15496879999792,39.83603216
-80.15572999999792,39.83603216
-80.15649119999792,39.83603216
-80.15725239999792,39.83603216
-80.15801359999791,39.83603216
-80.15877479999791,39.83603216
-80.15953599999791,39.83603216
-80.16029719999791,39.83603216
-80.16105839999791,39.83603216
-80.16181959999791,39.83603216
-80.16258079999791,39.83603216
-80.16334199999791,39.83603216
-80.16410319999791,39.83603216
-80.16486439999791,39.83603216
-80.16562559999791,39.83603216
-80.16638679999791,39.83603216
-80.16714799999791,39.83603216
-80.16790919999791,39.83603216
-80.16867039999791,39.83603216
-80.1694315999979,39.83603216
-80.1701927999979,39.83603216
-80.1709539999979,39.83603216
-80.1717151999979,39.83603216
-80.1724763999979,39.83603216
-80.1732375999979,39.83603216
-80.1739987999979,39.83603216
-80.1747599999979,39.83603216
-80.1755211999979,39.83603216
-80.1762823999979,39.83603216
-80.1770435999979,39.83603216
-80.1778047999979,39.83603216
-80.1785659999979,39.83603216
-80.1793271999979,39.83603216
-80.1800883999979,39.83603216
-80.1808495999979,39.83603216
-80.1816107999979,39.83603216
-80.1823719999979,39.83603216
-80.1831331999979,39.83603216
-80.1838943999979,39.83603216
-80.1846555999979,39.83603216
-80.1854167999979,39.83603216
-80.1861779999979,39.83603216
-80.1869391999979,39.83603216
-80.1877003999979,39.83603216
-80.1884615999979,39.83603216
-80.18922279999789,39.83603216
-80.18998399999789,39.83603216
-80.19074519999789,39.83603216
-80.19150639999789,39.83603216
-80.19226759999789,39.83603216
-80.19302879999789,39.83603216
-80.19378999999789,39.83603216
-80.19455119999789,39.83603216
-80.19531239999789,39.83603216
-80.19607359999789,39.83603216
-80.19683479999789,39.83603216
-80.19759599999789,39.83603216
-80.19835719999789,39.83603216
-80.19911839999789,39.83603216
-80.19987959999789,39.83603216
-80.20064079999788,39.83603216
-80.20140199999788,39.83603216
-80.20216319999788,39.83603216
-80.20292439999788,39.83603216
-80.20368559999788,39.83603216
-80.20444679999788,39.83603216
-80.20520799999788,39.83603216
-80.20596919999788,39.83603216
-80.20673039999788,39.83603216
-80.20749159999788,39.83603216
-80.20825279999788,39.83603216
-80.20901399999788,39.83603216
-80.20977519999788,39.83603216
-80.21053639999788,39.83603216
-80.21129759999788,39.83603216
-80.21205879999788,39.83603216
-80.21281999999788,39.83603216
-80.21358119999788,39.83603216
-80.21434239999788,39.83603216
-80.21510359999787,39.83603216
-80.21586479999787,39.83603216
-80.21662599999787,39.83603216
-80.21738719999787,39.83603216
-80.21814839999787,39.83603216
-80.21890959999787,39.83603216
-80.21967079999787,39.83603216
-80.22043199999787,39.83603216
