-79.6175615999983,39.84012408
-79.6183227999983,39.84012408
-79.6190839999983,39.84012408
-79.6198451999983,39.84012408
-79.6206063999983,39.84012408
-79.6213675999983,39.84012408
-79.6221287999983,39.84012408
-79.62288999999829,39.84012408
-79.62365119999829,39.84012408
-79.62441239999829,39.84012408
-79.62517359999829,39.84012408
-79.62593479999829,39.84012408
-79.62669599999829,39.84012408
-79.62745719999829,39.84012408
-79.62821839999829,39.84012408
-79.62897959999829,39.84012408
-79.62974079999829,39.84012408
-79.63050199999829,39.84012408
-79.63126319999829,39.84012408
-79.63202439999829,39.84012408
-79.63278559999829,39.84012408
-79.63354679999829,39.84012408
-79.63430799999828,39.84012408
-79.63506919999828,39.84012408
-79.63583039999828,39.84012408
-79.63659159999828,39.84012408
-79.63735279999828,39.84012408
-79.63811399999828,39.84012408
-79.63887519999828,39.84012408
-79.63963639999828,39.84012408
-79.64039759999828,39.84012408
-79.64115879999828,39.84012408
-79.64191999999828,39.84012408
-79.64268119999828,39.84012408
-79.64344239999828,39.84012408
-79.64420359999828,39.84012408
-79.64496479999828,39.84012408
-79.64572599999828,39.84012408
-79.64648719999828,39.84012408
-79.64724839999828,39.84012408
-79.64800959999828,39.84012408
-79.64877079999827,39.84012408
-79.64953199999827,39.84012408
-79.65029319999827,39.84012408
-79.65105439999827,39.84012408
-79.65181559999827,39.84012408
-79.65257679999827,39.84012408
-79.65333799999827,39.84012408
-79.65409919999827,39.84012408
-79.65486039999827,39.84012408
-79.65562159999827,39.84012408
-79.65638279999827,39.84012408
-79.65714399999827,39.84012408
-79.65790519999827,39.84012408
-79.65866639999827,39.84012408
-79.65942759999827,39.84012408
-79.66018879999827,39.84012408
-79.66094999999827,39.84012408
-79.66171119999827,39.84012408
-79.66247239999826,39.84012408
-79.66323359999826,39.84012408
-79.66399479999826,39.84012408
-79.66475599999826,39.84012408
-79.66551719999826,39.84012408
-79.66627839999826,39.84012408
-79.66703959999826,39.84012408
-79.66780079999826,39.84012408
-79.66856199999826,39.84012408
-79.66932319999826,39.84012408
-79.67008439999826,39.84012408
-79.67084559999826,39.84012408
-79.67160679999826,39.84012408
-79.67236799999826,39.84012408
-79.67312919999826,39.84012408
-79.67389039999826,39.84012408
-79.67465159999826,39.84012408
-79.67541279999826,39.84012408
-79.67617399999826,39.84012408
-79.67693519999825,39.84012408
-79.67769639999825,39.84012408
-79.67845759999825,39.84012408
-79.67921879999825,39.84012408
-79.67997999999825,39.84012408
-79.68074119999825,39.84012408
-79.68150239999825,39.84012408
-79.68226359999825,39.84012408
-79.68302479999825,39.84012408
-79.68378599999825,39.84012408
-79.68454719999825,39.84012408
-79.68530839999825,39.84012408
-79.68606959999825,39.84012408
-79.68683079999825,39.84012408
-79.68759199999825,39.84012408
-79.68835319999825,39.84012408
-79.68911439999825,39.84012408
-79.68987559999825,39.84012408
-79.69063679999825,39.84012408
-79.69139799999824,39.84012408
-79.69215919999824,39.84012408
-79.69292039999824,39.84012408
-79.69292039999824,39.83953952
-79.69368159999824,39.83953952
-79.69444279999824,39.83953952
-79.69520399999824,39.83953952
-79.69596519999824,39.83953952
-79.69672639999824,39.83953952
-79.69748759999824,39.83953952
-79.69824879999824,39.83953952
-79.69900999999824,39.83953952
-79.69977119999824,39.83953952
-79.70053239999824,39.83953952
-79.70129359999824,39.83953952
-79.70205479999824,39.83953952
-79.70281599999824,39.83953952
-79.70357719999824,39.83953952
-79.70433839999824,39.83953952
-79.70509959999823,39.83953952
-79.70586079999823,39.83953952
-79.70662199999823,39.83953952
-79.70738319999823,39.83953952
-79.70814439999823,39.83953952
-79.70890559999823,39.83953952
-79.70966679999823,39.83953952
-79.71042799999823,39.83953952
-79.71118919999823,39.83953952
-79.71195039999823,39.83953952
-79.71271159999823,39.83953952
-79.71347279999823,39.83953952
-79.71423399999823,39.83953952
-79.71499519999823,39.83953952
-79.71575639999823,39.83953952
-79.71651759999823,39.83953952
-79.71727879999823,39.83953952
-79.71803999999823,39.83953952
-79.71880119999823,39.83953952
-79.71956239999822,39.83953952
-79.72032359999822,39.83953952
-79.72108479999822,39.83953952
-79.72184599999822,39.83953952
-79.72260719999822,39.83953952
-79.72336839999822,39.83953952
-79.72412959999822,39.83953952
-79.72489079999822,39.83953952
-79.72565199999822,39.83953952
-79.72641319999822,39.83953952
-79.72717439999822,39.83953952
-79.72793559999822,39.83953952
-79.72869679999822,39.83953952
-79.72945799999822,39.83953952
-79.73021919999822,39.83953952
-79.73098039999822,39.83953952
-79.73174159999822,39.83953952
-79.73250279999822,39.83953952
-79.73326399999821,39.83953952
-79.73402519999821,39.83953952
-79.73478639999821,39.83953952
-79.73554759999821,39.83953952
-79.73630879999821,39.83953952
-79.73706999999821,39.83953952
-79.73783119999821,39.83953952
-79.73859239999821,39.83953952
-79.73935359999821,39.83953952
-79.74011479999821,39.83953952
-79.74087599999821,39.83953952
-79.74163719999821,39.83953952
-79.74239839999821,39.83953952
-79.74315959999821,39.83953952
-79.74392079999821,39.83953952
-79.7446819999982,39.83953952
-79.7454431999982,39.83953952
-79.7462043999982,39.83953952
-79.7469655999982,39.83953952
-79.7477267999982,39.83953952
-79.7484879999982,39.83953952
-79.7492491999982,39.83953952
-79.7500103999982,39.83953952
-79.7507715999982,39.83953952
-79.7515327999982,39.83953952
-79.7522939999982,39.83953952
-79.7530551999982,39.83953952
-79.7538163999982,39.83953952
-79.7545775999982,39.83953952
-79.7553387999982,39.83953952
-79.7560999999982,39.83953952
-79.7568611999982,39.83953952
-79.7576223999982,39.83953952
-79.7583835999982,39.83953952
-79.7591447999982,39.83953952
-79.7599059999982,39.83953952
-79.7606671999982,39.83953952
-79.7614283999982,39.83953952
-79.7621895999982,39.83953952
-79.7629507999982,39.83953952
-79.7637119999982,39.83953952
-79.76447319999819,39.83953952
-79.76523439999819,39.83953952
-79.76599559999819,39.83953952
-79.76675679999819,39.83953952
-79.76751799999819,39.83953952
-79.76827919999819,39.83953952
-79.76827919999819,39.83895496
-79.76904039999819,39.83895496
-79.76980159999819,39.83895496
-79.77056279999819,39.83895496
-79.77132399999819,39.83895496
-79.77208519999819,39.83895496
-79.77284639999819,39.83895496
-79.77360759999819,39.83895496
-79.77436879999819,39.83895496
-79.77512999999819,39.83895496
-79.77589119999818,39.83895496
-79.77665239999818,39.83895496
-79.77741359999818,39.83895496
-79.77817479999818,39.83895496
-79.77893599999818,39.83895496
-79.77969719999818,39.83895496
-79.78045839999818,39.83895496
-79.78121959999818,39.83895496
-79.78198079999818,39.83895496
-79.78274199999818,39.83895496
-79.78350319999818,39.83895496
-79.78426439999818,39.83895496
-79.78502559999818,39.83895496
-79.78578679999818,39.83895496
-79.78654799999818,39.83895496
-79.78730919999818,39.83895496
-79.78807039999818,39.83895496
-79.78883159999818,39.83895496
-79.78959279999818,39.83895496
-79.79035399999817,39.83895496
-79.79111519999817,39.83895496
-79.79187639999817,39.83895496
-79.79263759999817,39.83895496
-79.79339879999817,39.83895496
-79.79415999999817,39.83895496
-79.79492119999817,39.83895496
-79.79568239999817,39.83895496
-79.79644359999817,39.83895496
-79.79720479999817,39.83895496
-79.79796599999817,39.83895496
-79.79872719999817,39.83895496
-79.79948839999817,39.83895496
-79.80024959999817,39.83895496
-79.80101079999817,39.83895496
-79.80177199999817,39.83895496
-79.80253319999817,39.83895496
-79.80329439999817,39.83895496
-79.80405559999816,39.83895496
-79.80481679999816,39.83895496
-79.80557799999816,39.83895496
-79.80633919999816,39.83895496
-79.80710039999816,39.83895496
-79.80786159999816,39.83895496
-79.80862279999816,39.83895496
-79.80938399999816,39.83895496
-79.81014519999816,39.83895496
-79.81090639999816,39.83895496
-79.81166759999816,39.83895496
-79.81242879999816,39.83895496
-79.81318999999816,39.83895496
-79.81395119999816,39.83895496
-79.81471239999816,39.83895496
-79.81547359999816,39.83895496
-79.81623479999816,39.83895496
-79.81699599999816,39.83895496
-79.81775719999816,39.83895496
-79.81851839999815,39.83895496
-79.81927959999815,39.83895496
-79.82004079999815,39.83895496
-79.82080199999815,39.83895496
-79.82156319999815,39.83895496
-79.82232439999815,39.83895496
-79.82308559999815,39.83895496
-79.82384679999815,39.83895496
-79.82460799999815,39.83895496
-79.82536919999815,39.83895496
-79.82613039999815,39.83895496
-79.82689159999815,39.83895496
-79.82765279999815,39.83895496
-79.82841399999815,39.83895496
-79.82917519999815,39.83895496
-79.82993639999815,39.83895496
-79.83069759999815,39.83895496
-79.83145879999815,39.83895496
-79.83221999999814,39.83895496
-79.83298119999814,39.83895496
-79.83374239999814,39.83895496
-79.83450359999814,39.83895496
-79.83526479999814,39.83895496
-79.83602599999814,39.83895496
-79.83678719999814,39.83895496
-79.83754839999814,39.83895496
-79.83830959999814,39.83895496
-79.83907079999814,39.83895496
-79.83983199999814,39.83895496
-79.84059319999814,39.83895496
-79.84135439999814,39.83895496
-79.84211559999814,39.83895496
-79.84287679999814,39.83895496
-79.84363799999814,39.83895496
-79.84363799999814,39.8383704
-79.84439919999814,39.8383704
-79.84516039999814,39.8383704
-79.84592159999814,39.8383704
-79.84668279999813,39.8383704
-79.84744399999813,39.8383704
-79.84820519999813,39.8383704
-79.84896639999813,39.8383704
-79.84972759999813,39.8383704
-79.85048879999813,39.8383704
-79.85124999999813,39.8383704
-79.85201119999813,39.8383704
-79.85277239999813,39.8383704
-79.85353359999813,39.8383704
-79.85429479999813,39.8383704
-79.85505599999813,39.8383704
-79.85581719999813,39.8383704
-79.85657839999813,39.8383704
-79.85733959999813,39.8383704
-79.85810079999813,39.8383704
-79.85886199999813,39.8383704
-79.85962319999813,39.8383704
-79.86038439999813,39.8383704
-79.86114559999812,39.8383704
-79.86190679999812,39.8383704
-79.86266799999812,39.8383704
-79.86342919999812,39.8383704
-79.86419039999812,39.8383704
-79.86495159999812,39.8383704
-79.86571279999812,39.8383704
-79.86647399999812,39.8383704
-79.86723519999812,39.8383704
-79.86799639999812,39.8383704
-79.86875759999812,39.8383704
-79.86951879999812,39.8383704
-79.87027999999812,39.8383704
-79.87104119999812,39.8383704
-79.87180239999812,39.8383704
-79.87256359999812,39.8383704
-79.87332479999812,39.8383704
-79.87408599999812,39.8383704
-79.87484719999811,39.8383704
-79.87560839999811,39.8383704
-79.87636959999811,39.8383704
-79.87713079999811,39.8383704
-79.87789199999811,39.8383704
-79.87865319999811,39.8383704
-79.87941439999811,39.8383704
-79.88017559999811,39.8383704
-79.88093679999811,39.8383704
-79.88169799999811,39.8383704
-79.88245919999811,39.8383704
-79.88322039999811,39.8383704
-79.88398159999811,39.8383704
-79.88474279999811,39.8383704
-79.88550399999811,39.8383704
-79.8862651999981,39.8383704
-79.8870263999981,39.8383704
-79.8877875999981,39.8383704
-79.8885487999981,39.8383704
-79.8893099999981,39.8383704
-79.8900711999981,39.8383704
-79.8908323999981,39.8383704
-79.8915935999981,39.8383704
-79.8923547999981,39.8383704
-79.8931159999981,39.8383704
-79.8938771999981,39.8383704
-79.8946383999981,39.8383704
-79.8953995999981,39.8383704
-79.8961607999981,39.8383704
-79.8969219999981,39.8383704
-79.8976831999981,39.8383704
-79.8984443999981,39.8383704
-79.8992055999981,39.8383704
-79.8999667999981,39.8383704
-79.9007279999981,39.8383704
-79.9014891999981,39.8383704
-79.9022503999981,39.8383704
-79.9030115999981,39.8383704
-79.9037727999981,39.8383704
-79.9045339999981,39.8383704
-79.9052951999981,39.8383704
-79.90605639999809,39.8383704
-79.90681759999809,39.8383704
-79.90757879999809,39.8383704
-79.90833999999809,39.8383704
-79.90910119999809,39.8383704
-79.90986239999809,39.8383704
-79.91062359999809,39.8383704
-79.91138479999809,39.8383704
-79.91214599999809,39.8383704
-79.91290719999809,39.8383704
-79.91366839999809,39.8383704
-79.91442959999809,39.8383704
-79.91519079999809,39.8383704
-79.91595199999809,39.8383704
-79.91671319999809,39.8383704
-79.91747439999808,39.8383704
-79.91823559999808,39.8383704
-79.91899679999808,39.8383704
