-84.44052479999489,39.80271224
-84.44128599999489,39.80271224
-84.44204719999489,39.80271224
-84.44280839999489,39.80271224
-84.44356959999489,39.80271224
-84.44433079999489,39.80271224
-84.44509199999489,39.80271224
-84.44585319999489,39.80271224
-84.44661439999489,39.80271224
-84.44737559999488,39.80271224
-84.44813679999488,39.80271224
-84.44889799999488,39.80271224
-84.44965919999488,39.80271224
-84.45042039999488,39.80271224
-84.45118159999488,39.80271224
-84.45194279999488,39.80271224
-84.45270399999488,39.80271224
-84.45346519999488,39.80271224
-84.45422639999488,39.80271224
-84.45498759999488,39.80271224
-84.45574879999488,39.80271224
-84.45650999999488,39.80271224
-84.45727119999488,39.80271224
-84.45803239999488,39.80271224
-84.45879359999488,39.80271224
-84.45955479999488,39.80271224
-84.46031599999488,39.80271224
-84.46107719999488,39.80271224
-84.46183839999487,39.80271224
-84.46259959999487,39.80271224
-84.46336079999487,39.80271224
-84.46412199999487,39.80271224
-84.46488319999487,39.80271224
-84.46564439999487,39.80271224
-84.46640559999487,39.80271224
-84.46716679999487,39.80271224
-84.46792799999487,39.80271224
-84.46868919999487,39.80271224
-84.46945039999487,39.80271224
-84.47021159999487,39.80271224
-84.47097279999487,39.80271224
-84.47173399999487,39.80271224
-84.47249519999487,39.80271224
-84.47325639999487,39.80271224
-84.47401759999487,39.80271224
-84.47477879999487,39.80271224
-84.47553999999487,39.80271224
-84.47630119999486,39.80271224
-84.47706239999486,39.80271224
-84.47782359999486,39.80271224
-84.47858479999486,39.80271224
-84.47934599999486,39.80271224
-84.48010719999486,39.80271224
-84.48086839999486,39.80271224
-84.48162959999486,39.80271224
-84.48239079999486,39.80271224
-84.48315199999486,39.80271224
-84.48391319999486,39.80271224
-84.48467439999486,39.80271224
-84.48543559999486,39.80271224
-84.48619679999486,39.80271224
-84.48695799999486,39.80271224
-84.48771919999486,39.80271224
-84.48848039999486,39.80271224
-84.48924159999486,39.80271224
-84.49000279999485,39.80271224
-84.49076399999485,39.80271224
-84.49152519999485,39.80271224
-84.49228639999485,39.80271224
-84.49304759999485,39.80271224
-84.49380879999485,39.80271224
-84.49456999999485,39.80271224
-84.49533119999485,39.80271224
-84.49609239999485,39.80271224
-84.49685359999485,39.80271224
-84.49761479999485,39.80271224
-84.49837599999485,39.80271224
-84.49913719999485,39.80271224
-84.49989839999485,39.80271224
-84.50065959999485,39.80271224
-84.50142079999485,39.80271224
-84.50218199999485,39.80271224
-84.50294319999485,39.80271224
-84.50370439999485,39.80271224
-84.50446559999484,39.80271224
-84.50522679999484,39.80271224
-84.50598799999484,39.80271224
-84.50674919999484,39.80271224
-84.50751039999484,39.80271224
-84.50827159999484,39.80271224
-84.50903279999484,39.80271224
-84.50979399999484,39.80271224
-84.51055519999484,39.80271224
-84.51131639999484,39.80271224
-84.51207759999484,39.80271224
-84.51283879999484,39.80271224
-84.51359999999484,39.80271224
-84.51436119999484,39.80271224
-84.51512239999484,39.80271224
-84.51588359999484,39.80271224
-84.51588359999484,39.80212768
-84.51664479999484,39.80212768
-84.51740599999484,39.80212768
-84.51816719999483,39.80212768
-84.51892839999483,39.80212768
-84.51968959999483,39.80212768
-84.52045079999483,39.80212768
-84.52121199999483,39.80212768
-84.52197319999483,39.80212768
-84.52273439999483,39.80212768
-84.52349559999483,39.80212768
-84.52425679999483,39.80212768
-84.52501799999483,39.80212768
-84.52577919999483,39.80212768
-84.52654039999483,39.80212768
-84.52730159999483,39.80212768
-84.52806279999483,39.80212768
-84.52882399999483,39.80212768
-84.52958519999483,39.80212768
-84.53034639999483,39.80212768
-84.53110759999483,39.80212768
-84.53186879999483,39.80212768
-84.53262999999482,39.80212768
-84.53339119999482,39.80212768
-84.53415239999482,39.80212768
-84.53491359999482,39.80212768
-84.53567479999482,39.80212768
-84.53643599999482,39.80212768
-84.53719719999482,39.80212768
-84.53795839999482,39.80212768
-84.53871959999482,39.80212768
-84.53948079999482,39.80212768
-84.54024199999482,39.80212768
-84.54100319999482,39.80212768
-84.54176439999482,39.80212768
-84.54252559999482,39.80212768
-84.54328679999482,39.80212768
-84.54404799999482,39.80212768
-84.54480919999482,39.80212768
-84.54557039999482,39.80212768
-84.54633159999482,39.80212768
-84.54709279999481,39.80212768
-84.54785399999481,39.80212768
-84.54861519999481,39.80212768
-84.54937639999481,39.80212768
-84.55013759999481,39.80212768
-84.55089879999481,39.80212768
-84.55165999999481,39.80212768
-84.55242119999481,39.80212768
-84.55318239999481,39.80212768
-84.55394359999481,39.80212768
-84.55470479999481,39.80212768
-84.55546599999481,39.80212768
-84.55622719999481,39.80212768
-84.55698839999481,39.80212768
-84.5577495999948,39.80212768
-84.5585107999948,39.80212768
-84.5592719999948,39.80212768
-84.5600331999948,39.80212768
-84.5607943999948,39.80212768
-84.5615555999948,39.80212768
-84.5623167999948,39.80212768
-84.5630779999948,39.80212768
-84.5638391999948,39.80212768
-84.5646003999948,39.80212768
-84.5653615999948,39.80212768
-84.5661227999948,39.80212768
-84.5668839999948,39.80212768
-84.5676451999948,39.80212768
-84.5684063999948,39.80212768
-84.5691675999948,39.80212768
-84.5699287999948,39.80212768
-84.5706899999948,39.80212768
-84.5714511999948,39.80212768
-84.5722123999948,39.80212768
-84.5729735999948,39.80212768
-84.5737347999948,39.80212768
-84.5744959999948,39.80212768
-84.5752571999948,39.80212768
-84.5760183999948,39.80212768
-84.5767795999948,39.80212768
-84.5775407999948,39.80212768
-84.57830199999479,39.80212768
-84.57906319999479,39.80212768
-84.57982439999479,39.80212768
-84.58058559999479,39.80212768
-84.58134679999479,39.80212768
-84.58210799999479,39.80212768
-84.58286919999479,39.80212768
-84.58363039999479,39.80212768
-84.58439159999479,39.80212768
-84.58515279999479,39.80212768
-84.58591399999479,39.80212768
-84.58667519999479,39.80212768
-84.58743639999479,39.80212768
-84.58819759999479,39.80212768
-84.58895879999478,39.80212768
-84.58971999999478,39.80212768
-84.59048119999478,39.80212768
-84.59124239999478,39.80212768
-84.59124239999478,39.80154312
-84.59200359999478,39.80154312
-84.59276479999478,39.80154312
-84.59352599999478,39.80154312
-84.59428719999478,39.80154312
-84.59504839999478,39.80154312
-84.59580959999478,39.80154312
-84.59657079999478,39.80154312
-84.59733199999478,39.80154312
-84.59809319999478,39.80154312
-84.59885439999478,39.80154312
-84.59961559999478,39.80154312
-84.60037679999478,39.80154312
-84.60113799999478,39.80154312
-84.60189919999478,39.80154312
-84.60266039999478,39.80154312
-84.60342159999477,39.80154312
-84.60418279999477,39.80154312
-84.60494399999477,39.80154312
-84.60570519999477,39.80154312
-84.60646639999477,39.80154312
-84.60722759999477,39.80154312
-84.60798879999477,39.80154312
-84.60874999999477,39.80154312
-84.60951119999477,39.80154312
-84.61027239999477,39.80154312
-84.61103359999477,39.80154312
-84.61179479999477,39.80154312
-84.61255599999477,39.80154312
-84.61331719999477,39.80154312
-84.61407839999477,39.80154312
-84.61483959999477,39.80154312
-84.61560079999477,39.80154312
-84.61636199999477,39.80154312
-84.61712319999477,39.80154312
-84.61788439999476,39.80154312
-84.61864559999476,39.80154312
-84.61940679999476,39.80154312
-84.62016799999476,39.80154312
-84.62092919999476,39.80154312
-84.62169039999476,39.80154312
-84.62245159999476,39.80154312
-84.62321279999476,39.80154312
-84.62397399999476,39.80154312
-84.62473519999476,39.80154312
-84.62549639999476,39.80154312
-84.62625759999476,39.80154312
-84.62701879999476,39.80154312
-84.62777999999476,39.80154312
-84.62854119999476,39.80154312
-84.62930239999476,39.80154312
-84.63006359999476,39.80154312
-84.63082479999476,39.80154312
-84.63158599999475,39.80154312
-84.63234719999475,39.80154312
-84.63310839999475,39.80154312
-84.63386959999475,39.80154312
-84.63463079999475,39.80154312
-84.63539199999475,39.80154312
-84.63615319999475,39.80154312
-84.63691439999475,39.80154312
-84.63767559999475,39.80154312
-84.63843679999475,39.80154312
-84.63919799999475,39.80154312
-84.63995919999475,39.80154312
-84.64072039999475,39.80154312
-84.64148159999475,39.80154312
-84.64224279999475,39.80154312
-84.64300399999475,39.80154312
-84.64376519999475,39.80154312
-84.64452639999475,39.80154312
-84.64528759999475,39.80154312
-84.64604879999474,39.80154312
-84.64680999999474,39.80154312
-84.64757119999474,39.80154312
-84.64833239999474,39.80154312
-84.64909359999474,39.80154312
-84.64985479999474,39.80154312
-84.65061599999474,39.80154312
-84.65137719999474,39.80154312
-84.65213839999474,39.80154312
-84.65289959999474,39.80154312
-84.65366079999474,39.80154312
-84.65442199999474,39.80154312
-84.65518319999474,39.80154312
-84.65594439999474,39.80154312
-84.65670559999474,39.80154312
-84.65746679999474,39.80154312
-84.65822799999474,39.80154312
-84.65898919999474,39.80154312
-84.65975039999473,39.80154312
-84.66051159999473,39.80154312
-84.66127279999473,39.80154312
-84.66203399999473,39.80154312
-84.66279519999473,39.80154312
-84.66355639999473,39.80154312
-84.66431759999473,39.80154312
-84.66507879999473,39.80154312
-84.66583999999473,39.80154312
-84.66660119999473,39.80154312
-84.66660119999473,39.80095856
-84.66736239999473,39.80095856
-84.66812359999473,39.80095856
-84.66888479999473,39.80095856
-84.66964599999473,39.80095856
-84.67040719999473,39.80095856
-84.67116839999473,39.80095856
-84.67192959999473,39.80095856
-84.67269079999473,39.80095856
-84.67345199999473,39.80095856
-84.67421319999472,39.80095856
-84.67497439999472,39.80095856
-84.67573559999472,39.80095856
-84.67649679999472,39.80095856
-84.67725799999472,39.80095856
-84.67801919999472,39.80095856
-84.67878039999472,39.80095856
-84.67954159999472,39.80095856
-84.68030279999472,39.80095856
-84.68106399999472,39.80095856
-84.68182519999472,39.80095856
-84.68258639999472,39.80095856
-84.68334759999472,39.80095856
-84.68410879999472,39.80095856
-84.68486999999472,39.80095856
-84.68563119999472,39.80095856
-84.68639239999472,39.80095856
-84.68715359999472,39.80095856
-84.68791479999472,39.80095856
-84.68867599999471,39.80095856
-84.68943719999471,39.80095856
-84.69019839999471,39.80095856
-84.69095959999471,39.80095856
-84.69172079999471,39.80095856
-84.69248199999471,39.80095856
-84.69324319999471,39.80095856
-84.69400439999471,39.80095856
-84.69476559999471,39.80095856
-84.69552679999471,39.80095856
-84.69628799999471,39.80095856
-84.69704919999471,39.80095856
-84.69781039999471,39.80095856
-84.69857159999471,39.80095856
-84.6993327999947,39.80095856
-84.7000939999947,39.80095856
-84.7008551999947,39.80095856
-84.7016163999947,39.80095856
-84.7023775999947,39.80095856
-84.7031387999947,39.80095856
-84.7038999999947,39.80095856
-84.7046611999947,39.80095856
-84.7054223999947,39.80095856
-84.7061835999947,39.80095856
-84.7069447999947,39.80095856
-84.7077059999947,39.80095856
-84.7084671999947,39.80095856
-84.7092283999947,39.80095856
-84.7099895999947,39.80095856
-84.7107507999947,39.80095856
-84.7115119999947,39.80095856
-84.7122731999947,39.80095856
-84.7130343999947,39.80095856
-84.7137955999947,39.80095856
-84.7145567999947,39.80095856
-84.7153179999947,39.80095856
-84.7160791999947,39.80095856
-84.7168403999947,39.80095856
-84.7176015999947,39.80095856
-84.7183627999947,39.80095856
-84.7191239999947,39.80095856
-84.71988519999469,39.80095856
-84.72064639999469,39.80095856
-84.72140759999469,39.80095856
-84.72216879999469,39.80095856
-84.72292999999469,39.80095856
-84.72369119999469,39.80095856
-84.72445239999469,39.80095856
-84.72521359999469,39.80095856
-84.72597479999469,39.80095856
-84.72673599999469,39.80095856
-84.72749719999469,39.80095856
-84.72825839999469,39.80095856
-84.72901959999469,39.80095856
-84.72978079999469,39.80095856
-84.73054199999468,39.80095856
-84.73130319999468,39.80095856
-84.73206439999468,39.80095856
-84.73282559999468,39.80095856
-84.73358679999468,39.80095856
-84.73434799999468,39.80095856
-84.73510919999468,39.80095856
-84.73587039999468,39.80095856
-84.73663159999468,39.80095856
-84.73739279999468,39.80095856
-84.73815399999468,39.80095856
-84.73891519999468,39.80095856
-84.73967639999468,39.80095856
-84.74043759999468,39.80095856
-84.74119879999468,39.80095856
-84.74195999999468,39.80095856
