-80.22043199999787,39.8354476
-80.22119319999787,39.8354476
-80.22195439999787,39.8354476
-80.22271559999787,39.8354476
-80.22347679999787,39.8354476
-80.22423799999787,39.8354476
-80.22499919999787,39.8354476
-80.22576039999787,39.8354476
-80.22652159999787,39.8354476
-80.22728279999787,39.8354476
-80.22804399999787,39.8354476
-80.22880519999786,39.8354476
-80.22956639999786,39.8354476
-80.23032759999786,39.8354476
-80.23108879999786,39.8354476
-80.23184999999786,39.8354476
-80.23261119999786,39.8354476
-80.23337239999786,39.8354476
-80.23413359999786,39.8354476
-80.23489479999786,39.8354476
-80.23565599999786,39.8354476
-80.23641719999786,39.8354476
-80.23717839999786,39.8354476
-80.23793959999786,39.8354476
-80.23870079999786,39.8354476
-80.23946199999786,39.8354476
-80.24022319999786,39.8354476
-80.24098439999786,39.8354476
-80.24174559999786,39.8354476
-80.24250679999786,39.8354476
-80.24326799999785,39.8354476
-80.24402919999785,39.8354476
-80.24479039999785,39.8354476
-80.24555159999785,39.8354476
-80.24631279999785,39.8354476
-80.24707399999785,39.8354476
-80.24783519999785,39.8354476
-80.24859639999785,39.8354476
-80.24935759999785,39.8354476
-80.25011879999785,39.8354476
-80.25087999999785,39.8354476
-80.25164119999785,39.8354476
-80.25240239999785,39.8354476
-80.25316359999785,39.8354476
-80.25392479999785,39.8354476
-80.25468599999785,39.8354476
-80.25544719999785,39.8354476
-80.25620839999785,39.8354476
-80.25696959999784,39.8354476
-80.25773079999784,39.8354476
-80.25849199999784,39.8354476
-80.25925319999784,39.8354476
-80.26001439999784,39.8354476
-80.26077559999784,39.8354476
-80.26153679999784,39.8354476
-80.26229799999784,39.8354476
-80.26305919999784,39.8354476
-80.26382039999784,39.8354476
-80.26458159999784,39.8354476
-80.26534279999784,39.8354476
-80.26610399999784,39.8354476
-80.26686519999784,39.8354476
-80.26762639999784,39.8354476
-80.26838759999784,39.8354476
-80.26914879999784,39.8354476
-80.26990999999784,39.8354476
-80.27067119999784,39.8354476
-80.27143239999783,39.8354476
-80.27219359999783,39.8354476
-80.27295479999783,39.8354476
-80.27371599999783,39.8354476
-80.27447719999783,39.8354476
-80.27523839999783,39.8354476
-80.27599959999783,39.8354476
-80.27676079999783,39.8354476
-80.27752199999783,39.8354476
-80.27828319999783,39.8354476
-80.27904439999783,39.8354476
-80.27980559999783,39.8354476
-80.28056679999783,39.8354476
-80.28132799999783,39.8354476
-80.28208919999783,39.8354476
-80.28285039999783,39.8354476
-80.28361159999783,39.8354476
-80.28437279999783,39.8354476
-80.28513399999783,39.8354476
-80.28589519999782,39.8354476
-80.28665639999782,39.8354476
-80.28741759999782,39.8354476
-80.28817879999782,39.8354476
-80.28893999999782,39.8354476
-80.28970119999782,39.8354476
-80.29046239999782,39.8354476
-80.29122359999782,39.8354476
-80.29198479999782,39.8354476
-80.29274599999782,39.8354476
-80.29350719999782,39.8354476
-80.29426839999782,39.8354476
-80.29502959999782,39.8354476
-80.29579079999782,39.8354476
-80.29579079999782,39.83486304
-80.29655199999782,39.83486304
-80.29731319999782,39.83486304
-80.29807439999782,39.83486304
-80.29883559999782,39.83486304
-80.29959679999781,39.83486304
-80.30035799999781,39.83486304
-80.30111919999781,39.83486304
-80.30188039999781,39.83486304
-80.30264159999781,39.83486304
-80.30340279999781,39.83486304
-80.30416399999781,39.83486304
-80.30492519999781,39.83486304
-80.30568639999781,39.83486304
-80.30644759999781,39.83486304
-80.30720879999781,39.83486304
-80.30796999999781,39.83486304
-80.30873119999781,39.83486304
-80.30949239999781,39.83486304
-80.31025359999781,39.83486304
-80.3110147999978,39.83486304
-80.3117759999978,39.83486304
-80.3125371999978,39.83486304
-80.3132983999978,39.83486304
-80.3140595999978,39.83486304
-80.3148207999978,39.83486304
-80.3155819999978,39.83486304
-80.3163431999978,39.83486304
-80.3171043999978,39.83486304
-80.3178655999978,39.83486304
-80.3186267999978,39.83486304
-80.3193879999978,39.83486304
-80.3201491999978,39.83486304
-80.3209103999978,39.83486304
-80.3216715999978,39.83486304
-80.3224327999978,39.83486304
-80.3231939999978,39.83486304
-80.3239551999978,39.83486304
-80.3247163999978,39.83486304
-80.3254775999978,39.83486304
-80.3262387999978,39.83486304
-80.3269999999978,39.83486304
-80.3277611999978,39.83486304
-80.3285223999978,39.83486304
-80.3292835999978,39.83486304
-80.3300447999978,39.83486304
-80.33080599999779,39.83486304
-80.33156719999779,39.83486304
-80.33232839999779,39.83486304
-80.33308959999779,39.83486304
-80.33385079999779,39.83486304
-80.33461199999779,39.83486304
-80.33537319999779,39.83486304
-80.33613439999779,39.83486304
-80.33689559999779,39.83486304
-80.33765679999779,39.83486304
-80.33841799999779,39.83486304
-80.33917919999779,39.83486304
-80.33994039999779,39.83486304
-80.34070159999779,39.83486304
-80.34146279999779,39.83486304
-80.34222399999778,39.83486304
-80.34298519999778,39.83486304
-80.34374639999778,39.83486304
-80.34450759999778,39.83486304
-80.34526879999778,39.83486304
-80.34602999999778,39.83486304
-80.34679119999778,39.83486304
-80.34755239999778,39.83486304
-80.34831359999778,39.83486304
-80.34907479999778,39.83486304
-80.34983599999778,39.83486304
-80.35059719999778,39.83486304
-80.35135839999778,39.83486304
-80.35211959999778,39.83486304
-80.35288079999778,39.83486304
-80.35364199999778,39.83486304
-80.35440319999778,39.83486304
-80.35516439999778,39.83486304
-80.35592559999778,39.83486304
-80.35668679999777,39.83486304
-80.35744799999777,39.83486304
-80.35820919999777,39.83486304
-80.35897039999777,39.83486304
-80.35973159999777,39.83486304
-80.36049279999777,39.83486304
-80.36125399999777,39.83486304
-80.36201519999777,39.83486304
-80.36277639999777,39.83486304
-80.36353759999777,39.83486304
-80.36429879999777,39.83486304
-80.36505999999777,39.83486304
-80.36582119999777,39.83486304
-80.36658239999777,39.83486304
-80.36734359999777,39.83486304
-80.36810479999777,39.83486304
-80.36886599999777,39.83486304
-80.36962719999777,39.83486304
-80.37038839999776,39.83486304
-80.37114959999776,39.83486304
-80.37114959999776,39.83427848
-80.37191079999776,39.83427848
-80.37267199999776,39.83427848
-80.37343319999776,39.83427848
-80.37419439999776,39.83427848
-80.37495559999776,39.83427848
-80.37571679999776,39.83427848
-80.37647799999776,39.83427848
-80.37723919999776,39.83427848
-80.37800039999776,39.83427848
-80.37876159999776,39.83427848
-80.37952279999776,39.83427848
-80.38028399999776,39.83427848
-80.38104519999776,39.83427848
-80.38180639999776,39.83427848
-80.38256759999776,39.83427848
-80.38332879999776,39.83427848
-80.38408999999776,39.83427848
-80.38485119999775,39.83427848
-80.38561239999775,39.83427848
-80.38637359999775,39.83427848
-80.38713479999775,39.83427848
-80.38789599999775,39.83427848
-80.38865719999775,39.83427848
-80.38941839999775,39.83427848
-80.39017959999775,39.83427848
-80.39094079999775,39.83427848
-80.39170199999775,39.83427848
-80.39246319999775,39.83427848
-80.39322439999775,39.83427848
-80.39398559999775,39.83427848
-80.39474679999775,39.83427848
-80.39550799999775,39.83427848
-80.39626919999775,39.83427848
-80.39703039999775,39.83427848
-80.39779159999775,39.83427848
-80.39855279999774,39.83427848
-80.39931399999774,39.83427848
-80.40007519999774,39.83427848
-80.40083639999774,39.83427848
-80.40159759999774,39.83427848
-80.40235879999774,39.83427848
-80.40311999999774,39.83427848
-80.40388119999774,39.83427848
-80.40464239999774,39.83427848
-80.40540359999774,39.83427848
-80.40616479999774,39.83427848
-80.40692599999774,39.83427848
-80.40768719999774,39.83427848
-80.40844839999774,39.83427848
-80.40920959999774,39.83427848
-80.40997079999774,39.83427848
-80.41073199999774,39.83427848
-80.41149319999774,39.83427848
-80.41225439999774,39.83427848
-80.41301559999773,39.83427848
-80.41377679999773,39.83427848
-80.41453799999773,39.83427848
-80.41529919999773,39.83427848
-80.41606039999773,39.83427848
-80.41682159999773,39.83427848
-80.41758279999773,39.83427848
-80.41834399999773,39.83427848
-80.41910519999773,39.83427848
-80.41986639999773,39.83427848
-80.42062759999773,39.83427848
-80.42138879999773,39.83427848
-80.42214999999773,39.83427848
-80.42291119999773,39.83427848
-80.42367239999773,39.83427848
-80.42443359999773,39.83427848
-80.42519479999773,39.83427848
-80.42595599999773,39.83427848
-80.42671719999773,39.83427848
-80.42747839999772,39.83427848
-80.42823959999772,39.83427848
-80.42900079999772,39.83427848
-80.42976199999772,39.83427848
-80.43052319999772,39.83427848
-80.43128439999772,39.83427848
-80.43204559999772,39.83427848
-80.43280679999772,39.83427848
-80.43356799999772,39.83427848
-80.43432919999772,39.83427848
-80.43509039999772,39.83427848
-80.43585159999772,39.83427848
-80.43661279999772,39.83427848
-80.43737399999772,39.83427848
-80.43813519999772,39.83427848
-80.43889639999772,39.83427848
-80.43965759999772,39.83427848
-80.44041879999772,39.83427848
-80.44117999999771,39.83427848
-80.44194119999771,39.83427848
-80.44270239999771,39.83427848
-80.44346359999771,39.83427848
-80.44422479999771,39.83427848
-80.44498599999771,39.83427848
-80.44574719999771,39.83427848
-80.44650839999771,39.83427848
-80.44650839999771,39.83369392
-80.44726959999771,39.83369392
-80.44803079999771,39.83369392
-80.44879199999771,39.83369392
-80.44955319999771,39.83369392
-80.45031439999771,39.83369392
-80.45107559999771,39.83369392
-80.45183679999771,39.83369392
-80.4525979999977,39.83369392
-80.4533591999977,39.83369392
-80.4541203999977,39.83369392
-80.4548815999977,39.83369392
-80.4556427999977,39.83369392
-80.4564039999977,39.83369392
-80.4571651999977,39.83369392
-80.4579263999977,39.83369392
-80.4586875999977,39.83369392
-80.4594487999977,39.83369392
-80.4602099999977,39.83369392
-80.4609711999977,39.83369392
-80.4617323999977,39.83369392
-80.4624935999977,39.83369392
-80.4632547999977,39.83369392
-80.4640159999977,39.83369392
-80.4647771999977,39.83369392
-80.4655383999977,39.83369392
-80.4662995999977,39.83369392
-80.4670607999977,39.83369392
-80.4678219999977,39.83369392
-80.4685831999977,39.83369392
-80.4693443999977,39.83369392
-80.4701055999977,39.83369392
-80.4708667999977,39.83369392
-80.4716279999977,39.83369392
-80.47238919999769,39.83369392
-80.47315039999769,39.83369392
-80.47391159999769,39.83369392
-80.47467279999769,39.83369392
-80.47543399999769,39.83369392
-80.47619519999769,39.83369392
-80.47695639999769,39.83369392
-80.47771759999769,39.83369392
-80.47847879999769,39.83369392
-80.47923999999769,39.83369392
-80.48000119999769,39.83369392
-80.48076239999769,39.83369392
-80.48152359999769,39.83369392
-80.48228479999769,39.83369392
-80.48304599999769,39.83369392
-80.48380719999768,39.83369392
-80.48456839999768,39.83369392
-80.48532959999768,39.83369392
-80.48609079999768,39.83369392
-80.48685199999768,39.83369392
-80.48761319999768,39.83369392
-80.48837439999768,39.83369392
-80.48913559999768,39.83369392
-80.48989679999768,39.83369392
-80.49065799999768,39.83369392
-80.49141919999768,39.83369392
-80.49218039999768,39.83369392
-80.49294159999768,39.83369392
-80.49370279999768,39.83369392
-80.49446399999768,39.83369392
-80.49522519999768,39.83369392
-80.49598639999768,39.83369392
-80.49674759999768,39.83369392
-80.49750879999768,39.83369392
-80.49826999999767,39.83369392
-80.49903119999767,39.83369392
-80.49979239999767,39.83369392
-80.50055359999767,39.83369392
-80.50131479999767,39.83369392
-80.50207599999767,39.83369392
-80.50283719999767,39.83369392
-80.50359839999767,39.83369392
-80.50435959999767,39.83369392
-80.50512079999767,39.83369392
-80.50588199999767,39.83369392
-80.50664319999767,39.83369392
-80.50740439999767,39.83369392
-80.50816559999767,39.83369392
-80.50892679999767,39.83369392
-80.50968799999767,39.83369392
-80.51044919999767,39.83369392
-80.51121039999767,39.83369392
-80.51197159999766,39.83369392
-80.51273279999766,39.83369392
-80.51349399999766,39.83369392
-80.51425519999766,39.83369392
-80.51501639999766,39.83369392
-80.51577759999766,39.83369392
-80.51653879999766,39.83369392
-80.51729999999766,39.83369392
-80.51806119999766,39.83369392
-80.51882239999766,39.83369392
-80.51958359999766,39.83369392
-80.52034479999766,39.83369392
-80.52110599999766,39.83369392
-80.52186719999766,39.83369392
