-83.53621919999553,39.80972696
-83.53698039999553,39.80972696
-83.53774159999553,39.80972696
-83.53850279999553,39.80972696
-83.53926399999553,39.80972696
-83.54002519999553,39.80972696
-83.54078639999553,39.80972696
-83.54154759999552,39.80972696
-83.54230879999552,39.80972696
-83.54306999999552,39.80972696
-83.54383119999552,39.80972696
-83.54459239999552,39.80972696
-83.54535359999552,39.80972696
-83.54611479999552,39.80972696
-83.54687599999552,39.80972696
-83.54763719999552,39.80972696
-83.54839839999552,39.80972696
-83.54915959999552,39.80972696
-83.54992079999552,39.80972696
-83.55068199999552,39.80972696
-83.55144319999552,39.80972696
-83.55220439999552,39.80972696
-83.55296559999552,39.80972696
-83.55372679999552,39.80972696
-83.55448799999552,39.80972696
-83.55524919999552,39.80972696
-83.55601039999551,39.80972696
-83.55677159999551,39.80972696
-83.55753279999551,39.80972696
-83.55829399999551,39.80972696
-83.55905519999551,39.80972696
-83.55981639999551,39.80972696
-83.56057759999551,39.80972696
-83.56133879999551,39.80972696
-83.56209999999551,39.80972696
-83.56286119999551,39.80972696
-83.56362239999551,39.80972696
-83.56438359999551,39.80972696
-83.56514479999551,39.80972696
-83.56590599999551,39.80972696
-83.5666671999955,39.80972696
-83.5674283999955,39.80972696
-83.5681895999955,39.80972696
-83.5689507999955,39.80972696
-83.5697119999955,39.80972696
-83.5704731999955,39.80972696
-83.5712343999955,39.80972696
-83.5719955999955,39.80972696
-83.5727567999955,39.80972696
-83.5735179999955,39.80972696
-83.5742791999955,39.80972696
-83.5750403999955,39.80972696
-83.5758015999955,39.80972696
-83.5765627999955,39.80972696
-83.5773239999955,39.80972696
-83.5780851999955,39.80972696
-83.5788463999955,39.80972696
-83.5796075999955,39.80972696
-83.5803687999955,39.80972696
-83.5811299999955,39.80972696
-83.5818911999955,39.80972696
-83.5826523999955,39.80972696
-83.5834135999955,39.80972696
-83.5841747999955,39.80972696
-83.5849359999955,39.80972696
-83.5856971999955,39.80972696
-83.5864583999955,39.80972696
-83.58721959999549,39.80972696
-83.58798079999549,39.80972696
-83.58874199999549,39.80972696
-83.58950319999549,39.80972696
-83.59026439999549,39.80972696
-83.59102559999549,39.80972696
-83.59178679999549,39.80972696
-83.59254799999549,39.80972696
-83.59330919999549,39.80972696
-83.59407039999549,39.80972696
-83.59483159999549,39.80972696
-83.59559279999549,39.80972696
-83.59635399999549,39.80972696
-83.59711519999549,39.80972696
-83.59787639999549,39.80972696
-83.59863759999548,39.80972696
-83.59939879999548,39.80972696
-83.60015999999548,39.80972696
-83.60092119999548,39.80972696
-83.60168239999548,39.80972696
-83.60244359999548,39.80972696
-83.60320479999548,39.80972696
-83.60396599999548,39.80972696
-83.60472719999548,39.80972696
-83.60548839999548,39.80972696
-83.60624959999548,39.80972696
-83.60701079999548,39.80972696
-83.60777199999548,39.80972696
-83.60853319999548,39.80972696
-83.60929439999548,39.80972696
-83.61005559999548,39.80972696
-83.61081679999548,39.80972696
-83.61157799999548,39.80972696
-83.61157799999548,39.8091424
-83.61233919999547,39.8091424
-83.61310039999547,39.8091424
-83.61386159999547,39.8091424
-83.61462279999547,39.8091424
-83.61538399999547,39.8091424
-83.61614519999547,39.8091424
-83.61690639999547,39.8091424
-83.61766759999547,39.8091424
-83.61842879999547,39.8091424
-83.61918999999547,39.8091424
-83.61995119999547,39.8091424
-83.62071239999547,39.8091424
-83.62147359999547,39.8091424
-83.62223479999547,39.8091424
-83.62299599999547,39.8091424
-83.62375719999547,39.8091424
-83.62451839999547,39.8091424
-83.62527959999547,39.8091424
-83.62604079999547,39.8091424
-83.62680199999546,39.8091424
-83.62756319999546,39.8091424
-83.62832439999546,39.8091424
-83.62908559999546,39.8091424
-83.62984679999546,39.8091424
-83.63060799999546,39.8091424
-83.63136919999546,39.8091424
-83.63213039999546,39.8091424
-83.63289159999546,39.8091424
-83.63365279999546,39.8091424
-83.63441399999546,39.8091424
-83.63517519999546,39.8091424
-83.63593639999546,39.8091424
-83.63669759999546,39.8091424
-83.63745879999546,39.8091424
-83.63821999999546,39.8091424
-83.63898119999546,39.8091424
-83.63974239999546,39.8091424
-83.64050359999545,39.8091424
-83.64126479999545,39.8091424
-83.64202599999545,39.8091424
-83.64278719999545,39.8091424
-83.64354839999545,39.8091424
-83.64430959999545,39.8091424
-83.64507079999545,39.8091424
-83.64583199999545,39.8091424
-83.64659319999545,39.8091424
-83.64735439999545,39.8091424
-83.64811559999545,39.8091424
-83.64887679999545,39.8091424
-83.64963799999545,39.8091424
-83.65039919999545,39.8091424
-83.65116039999545,39.8091424
-83.65192159999545,39.8091424
-83.65268279999545,39.8091424
-83.65344399999545,39.8091424
-83.65420519999545,39.8091424
-83.65496639999544,39.8091424
-83.65572759999544,39.8091424
-83.65648879999544,39.8091424
-83.65724999999544,39.8091424
-83.65801119999544,39.8091424
-83.65877239999544,39.8091424
-83.65953359999544,39.8091424
-83.66029479999544,39.8091424
-83.66105599999544,39.8091424
-83.66181719999544,39.8091424
-83.66257839999544,39.8091424
-83.66333959999544,39.8091424
-83.66410079999544,39.8091424
-83.66486199999544,39.8091424
-83.66562319999544,39.8091424
-83.66638439999544,39.8091424
-83.66714559999544,39.8091424
-83.66790679999544,39.8091424
-83.66866799999544,39.8091424
-83.66942919999543,39.8091424
-83.67019039999543,39.8091424
-83.67095159999543,39.8091424
-83.67171279999543,39.8091424
-83.67247399999543,39.8091424
-83.67323519999543,39.8091424
-83.67399639999543,39.8091424
-83.67475759999543,39.8091424
-83.67551879999543,39.8091424
-83.67627999999543,39.8091424
-83.67704119999543,39.8091424
-83.67780239999543,39.8091424
-83.67856359999543,39.8091424
-83.67932479999543,39.8091424
-83.68008599999543,39.8091424
-83.68084719999543,39.8091424
-83.68160839999543,39.8091424
-83.68236959999543,39.8091424
-83.68313079999542,39.8091424
-83.68389199999542,39.8091424
-83.68465319999542,39.8091424
-83.68541439999542,39.8091424
-83.68617559999542,39.8091424
-83.68693679999542,39.8091424
-83.68693679999542,39.80855784
-83.68769799999542,39.80855784
-83.68845919999542,39.80855784
-83.68922039999542,39.80855784
-83.68998159999542,39.80855784
-83.69074279999542,39.80855784
-83.69150399999542,39.80855784
-83.69226519999542,39.80855784
-83.69302639999542,39.80855784
-83.69378759999542,39.80855784
-83.69454879999542,39.80855784
-83.69530999999542,39.80855784
-83.69607119999542,39.80855784
-83.69683239999542,39.80855784
-83.69759359999541,39.80855784
-83.69835479999541,39.80855784
-83.69911599999541,39.80855784
-83.69987719999541,39.80855784
-83.70063839999541,39.80855784
-83.70139959999541,39.80855784
-83.70216079999541,39.80855784
-83.70292199999541,39.80855784
-83.70368319999541,39.80855784
-83.70444439999541,39.80855784
-83.70520559999541,39.80855784
-83.70596679999541,39.80855784
-83.70672799999541,39.80855784
-83.70748919999541,39.80855784
-83.7082503999954,39.80855784
-83.7090115999954,39.80855784
-83.7097727999954,39.80855784
-83.7105339999954,39.80855784
-83.7112951999954,39.80855784
-83.7120563999954,39.80855784
-83.7128175999954,39.80855784
-83.7135787999954,39.80855784
-83.7143399999954,39.80855784
-83.7151011999954,39.80855784
-83.7158623999954,39.80855784
-83.7166235999954,39.80855784
-83.7173847999954,39.80855784
-83.7181459999954,39.80855784
-83.7189071999954,39.80855784
-83.7196683999954,39.80855784
-83.7204295999954,39.80855784
-83.7211907999954,39.80855784
-83.7219519999954,39.80855784
-83.7227131999954,39.80855784
-83.7234743999954,39.80855784
-83.7242355999954,39.80855784
-83.7249967999954,39.80855784
-83.7257579999954,39.80855784
-83.7265191999954,39.80855784
-83.7272803999954,39.80855784
-83.7280415999954,39.80855784
-83.72880279999539,39.80855784
-83.72956399999539,39.80855784
-83.73032519999539,39.80855784
-83.73108639999539,39.80855784
-83.73184759999539,39.80855784
-83.73260879999539,39.80855784
-83.73336999999539,39.80855784
-83.73413119999539,39.80855784
-83.73489239999539,39.80855784
-83.73565359999539,39.80855784
-83.73641479999539,39.80855784
-83.73717599999539,39.80855784
-83.73793719999539,39.80855784
-83.73869839999539,39.80855784
-83.73945959999539,39.80855784
-83.74022079999538,39.80855784
-83.74098199999538,39.80855784
-83.74174319999538,39.80855784
-83.74250439999538,39.80855784
-83.74326559999538,39.80855784
-83.74402679999538,39.80855784
-83.74478799999538,39.80855784
-83.74554919999538,39.80855784
-83.74631039999538,39.80855784
-83.74707159999538,39.80855784
-83.74783279999538,39.80855784
-83.74859399999538,39.80855784
-83.74935519999538,39.80855784
-83.75011639999538,39.80855784
-83.75087759999538,39.80855784
-83.75163879999538,39.80855784
-83.75239999999538,39.80855784
-83.75316119999538,39.80855784
-83.75392239999537,39.80855784
-83.75468359999537,39.80855784
-83.75544479999537,39.80855784
-83.75620599999537,39.80855784
-83.75696719999537,39.80855784
-83.75772839999537,39.80855784
-83.75848959999537,39.80855784
-83.75925079999537,39.80855784
-83.76001199999537,39.80855784
-83.76077319999537,39.80855784
-83.76153439999537,39.80855784
-83.76229559999537,39.80855784
-83.76229559999537,39.80797328
-83.76305679999537,39.80797328
-83.76381799999537,39.80797328
-83.76457919999537,39.80797328
-83.76534039999537,39.80797328
-83.76610159999537,39.80797328
-83.76686279999537,39.80797328
-83.76762399999537,39.80797328
-83.76838519999536,39.80797328
-83.76914639999536,39.80797328
-83.76990759999536,39.80797328
-83.77066879999536,39.80797328
-83.77142999999536,39.80797328
-83.77219119999536,39.80797328
-83.77295239999536,39.80797328
-83.77371359999536,39.80797328
-83.77447479999536,39.80797328
-83.77523599999536,39.80797328
-83.77599719999536,39.80797328
-83.77675839999536,39.80797328
-83.77751959999536,39.80797328
-83.77828079999536,39.80797328
-83.77904199999536,39.80797328
-83.77980319999536,39.80797328
-83.78056439999536,39.80797328
-83.78132559999536,39.80797328
-83.78208679999535,39.80797328
-83.78284799999535,39.80797328
-83.78360919999535,39.80797328
-83.78437039999535,39.80797328
-83.78513159999535,39.80797328
-83.78589279999535,39.80797328
-83.78665399999535,39.80797328
-83.78741519999535,39.80797328
-83.78817639999535,39.80797328
-83.78893759999535,39.80797328
-83.78969879999535,39.80797328
-83.79045999999535,39.80797328
-83.79122119999535,39.80797328
-83.79198239999535,39.80797328
-83.79274359999535,39.80797328
-83.79350479999535,39.80797328
-83.79426599999535,39.80797328
-83.79502719999535,39.80797328
-83.79578839999535,39.80797328
-83.79654959999534,39.80797328
-83.79731079999534,39.80797328
-83.79807199999534,39.80797328
-83.79883319999534,39.80797328
-83.79959439999534,39.80797328
-83.80035559999534,39.80797328
-83.80111679999534,39.80797328
-83.80187799999534,39.80797328
-83.80263919999534,39.80797328
-83.80340039999534,39.80797328
-83.80416159999534,39.80797328
-83.80492279999534,39.80797328
-83.80568399999534,39.80797328
-83.80644519999534,39.80797328
-83.80720639999534,39.80797328
-83.80796759999534,39.80797328
-83.80872879999534,39.80797328
-83.80948999999534,39.80797328
-83.81025119999534,39.80797328
-83.81101239999533,39.80797328
-83.81177359999533,39.80797328
-83.81253479999533,39.80797328
-83.81329599999533,39.80797328
-83.81405719999533,39.80797328
-83.81481839999533,39.80797328
-83.81557959999533,39.80797328
-83.81634079999533,39.80797328
-83.81710199999533,39.80797328
-83.81786319999533,39.80797328
-83.81862439999533,39.80797328
-83.81938559999533,39.80797328
-83.82014679999533,39.80797328
-83.82090799999533,39.80797328
-83.82166919999533,39.80797328
-83.82243039999533,39.80797328
-83.82319159999533,39.80797328
-83.82395279999533,39.80797328
-83.82471399999532,39.80797328
-83.82547519999532,39.80797328
-83.82623639999532,39.80797328
-83.82699759999532,39.80797328
-83.82775879999532,39.80797328
-83.82851999999532,39.80797328
-83.82928119999532,39.80797328
-83.83004239999532,39.80797328
-83.83080359999532,39.80797328
-83.83156479999532,39.80797328
-83.83232599999532,39.80797328
-83.83308719999532,39.80797328
-83.83384839999532,39.80797328
-83.83460959999532,39.80797328
-83.83537079999532,39.80797328
-83.83613199999532,39.80797328
-83.83689319999532,39.80797328
-83.83765439999532,39.80797328
