-77.50751519999979,39.856491760000004
-77.50827639999979,39.856491760000004
-77.50903759999979,39.856491760000004
-77.50979879999979,39.856491760000004
-77.51055999999978,39.856491760000004
-77.51132119999978,39.856491760000004
-77.51208239999978,39.856491760000004
-77.51284359999978,39.856491760000004
-77.51360479999978,39.856491760000004
-77.51436599999978,39.856491760000004
-77.51512719999978,39.856491760000004
-77.51588839999978,39.856491760000004
-77.51664959999978,39.856491760000004
-77.51741079999978,39.856491760000004
-77.51817199999978,39.856491760000004
-77.51893319999978,39.856491760000004
-77.51969439999978,39.856491760000004
-77.52045559999978,39.856491760000004
-77.52121679999978,39.856491760000004
-77.52197799999978,39.856491760000004
-77.52273919999978,39.856491760000004
-77.52350039999978,39.856491760000004
-77.52426159999978,39.856491760000004
-77.52502279999977,39.856491760000004
-77.52578399999977,39.856491760000004
-77.52654519999977,39.856491760000004
-77.52730639999977,39.856491760000004
-77.52806759999977,39.856491760000004
-77.52882879999977,39.856491760000004
-77.52958999999977,39.856491760000004
-77.53035119999977,39.856491760000004
-77.53111239999977,39.856491760000004
-77.53187359999977,39.856491760000004
-77.53263479999977,39.856491760000004
-77.53339599999977,39.856491760000004
-77.53415719999977,39.856491760000004
-77.53491839999977,39.856491760000004
-77.53567959999977,39.856491760000004
-77.53644079999977,39.856491760000004
-77.53720199999977,39.856491760000004
-77.53796319999977,39.856491760000004
-77.53872439999977,39.856491760000004
-77.53948559999976,39.856491760000004
-77.54024679999976,39.856491760000004
-77.54100799999976,39.856491760000004
-77.54176919999976,39.856491760000004
-77.54253039999976,39.856491760000004
-77.54329159999976,39.856491760000004
-77.54405279999976,39.856491760000004
-77.54481399999976,39.856491760000004
-77.54557519999976,39.856491760000004
-77.54633639999976,39.856491760000004
-77.54709759999976,39.856491760000004
-77.54785879999976,39.856491760000004
-77.54861999999976,39.856491760000004
-77.54938119999976,39.856491760000004
-77.55014239999976,39.856491760000004
-77.55090359999976,39.856491760000004
-77.55166479999976,39.856491760000004
-77.55242599999976,39.856491760000004
-77.55318719999975,39.856491760000004
-77.55394839999975,39.856491760000004
-77.55470959999975,39.856491760000004
-77.55547079999975,39.856491760000004
-77.55623199999975,39.856491760000004
-77.55699319999975,39.856491760000004
-77.55775439999975,39.856491760000004
-77.55851559999975,39.856491760000004
-77.55927679999975,39.856491760000004
-77.56003799999975,39.856491760000004
-77.56079919999975,39.856491760000004
-77.56156039999975,39.856491760000004
-77.56232159999975,39.856491760000004
-77.56308279999975,39.856491760000004
-77.56384399999975,39.856491760000004
-77.56460519999975,39.856491760000004
-77.56536639999975,39.856491760000004
-77.56612759999975,39.856491760000004
-77.56688879999975,39.856491760000004
-77.56764999999974,39.856491760000004
-77.56841119999974,39.856491760000004
-77.56917239999974,39.856491760000004
-77.56993359999974,39.856491760000004
-77.57069479999974,39.856491760000004
-77.57145599999974,39.856491760000004
-77.57221719999974,39.856491760000004
-77.57297839999974,39.856491760000004
-77.57373959999974,39.856491760000004
-77.57450079999974,39.856491760000004
-77.57526199999974,39.856491760000004
-77.57602319999974,39.856491760000004
-77.57678439999974,39.856491760000004
-77.57754559999974,39.856491760000004
-77.57830679999974,39.856491760000004
-77.57906799999974,39.856491760000004
-77.57982919999974,39.856491760000004
-77.58059039999974,39.856491760000004
-77.58135159999973,39.856491760000004
-77.58211279999973,39.856491760000004
-77.58287399999973,39.856491760000004
-77.58287399999973,39.855907200000004
-77.58363519999973,39.855907200000004
-77.58439639999973,39.855907200000004
-77.58515759999973,39.855907200000004
-77.58591879999973,39.855907200000004
-77.58667999999973,39.855907200000004
-77.58744119999973,39.855907200000004
-77.58820239999973,39.855907200000004
-77.58896359999973,39.855907200000004
-77.58972479999973,39.855907200000004
-77.59048599999973,39.855907200000004
-77.59124719999973,39.855907200000004
-77.59200839999973,39.855907200000004
-77.59276959999973,39.855907200000004
-77.59353079999973,39.855907200000004
-77.59429199999973,39.855907200000004
-77.59505319999973,39.855907200000004
-77.59581439999972,39.855907200000004
-77.59657559999972,39.855907200000004
-77.59733679999972,39.855907200000004
-77.59809799999972,39.855907200000004
-77.59885919999972,39.855907200000004
-77.59962039999972,39.855907200000004
-77.60038159999972,39.855907200000004
-77.60114279999972,39.855907200000004
-77.60190399999972,39.855907200000004
-77.60266519999972,39.855907200000004
-77.60342639999972,39.855907200000004
-77.60418759999972,39.855907200000004
-77.60494879999972,39.855907200000004
-77.60570999999972,39.855907200000004
-77.60647119999972,39.855907200000004
-77.60723239999972,39.855907200000004
-77.60799359999972,39.855907200000004
-77.60875479999972,39.855907200000004
-77.60951599999972,39.855907200000004
-77.61027719999971,39.855907200000004
-77.61103839999971,39.855907200000004
-77.61179959999971,39.855907200000004
-77.61256079999971,39.855907200000004
-77.61332199999971,39.855907200000004
-77.61408319999971,39.855907200000004
-77.61484439999971,39.855907200000004
-77.61560559999971,39.855907200000004
-77.61636679999971,39.855907200000004
-77.61712799999971,39.855907200000004
-77.61788919999971,39.855907200000004
-77.61865039999971,39.855907200000004
-77.61941159999971,39.855907200000004
-77.62017279999971,39.855907200000004
-77.6209339999997,39.855907200000004
-77.6216951999997,39.855907200000004
-77.6224563999997,39.855907200000004
-77.6232175999997,39.855907200000004
-77.6239787999997,39.855907200000004
-77.6247399999997,39.855907200000004
-77.6255011999997,39.855907200000004
-77.6262623999997,39.855907200000004
-77.6270235999997,39.855907200000004
-77.6277847999997,39.855907200000004
-77.6285459999997,39.855907200000004
-77.6293071999997,39.855907200000004
-77.6300683999997,39.855907200000004
-77.6308295999997,39.855907200000004
-77.6315907999997,39.855907200000004
-77.6323519999997,39.855907200000004
-77.6331131999997,39.855907200000004
-77.6338743999997,39.855907200000004
-77.6346355999997,39.855907200000004
-77.6353967999997,39.855907200000004
-77.6361579999997,39.855907200000004
-77.6369191999997,39.855907200000004
-77.6376803999997,39.855907200000004
-77.6384415999997,39.855907200000004
-77.6392027999997,39.855907200000004
-77.6399639999997,39.855907200000004
-77.6407251999997,39.855907200000004
-77.64148639999969,39.855907200000004
-77.64224759999969,39.855907200000004
-77.64300879999969,39.855907200000004
-77.64376999999969,39.855907200000004
-77.64453119999969,39.855907200000004
-77.64529239999969,39.855907200000004
-77.64605359999969,39.855907200000004
-77.64681479999969,39.855907200000004
-77.64757599999969,39.855907200000004
-77.64833719999969,39.855907200000004
-77.64909839999969,39.855907200000004
-77.64985959999969,39.855907200000004
-77.65062079999969,39.855907200000004
-77.65138199999969,39.855907200000004
-77.65214319999968,39.855907200000004
-77.65290439999968,39.855907200000004
-77.65366559999968,39.855907200000004
-77.65442679999968,39.855907200000004
-77.65518799999968,39.855907200000004
-77.65594919999968,39.855907200000004
-77.65671039999968,39.855907200000004
-77.65747159999968,39.855907200000004
-77.65823279999968,39.855907200000004
-77.65823279999968,39.855322640000004
-77.65899399999968,39.855322640000004
-77.65975519999968,39.855322640000004
-77.66051639999968,39.855322640000004
-77.66127759999968,39.855322640000004
-77.66203879999968,39.855322640000004
-77.66279999999968,39.855322640000004
-77.66356119999968,39.855322640000004
-77.66432239999968,39.855322640000004
-77.66508359999968,39.855322640000004
-77.66584479999968,39.855322640000004
-77.66660599999967,39.855322640000004
-77.66736719999967,39.855322640000004
-77.66812839999967,39.855322640000004
-77.66888959999967,39.855322640000004
-77.66965079999967,39.855322640000004
-77.67041199999967,39.855322640000004
-77.67117319999967,39.855322640000004
-77.67193439999967,39.855322640000004
-77.67269559999967,39.855322640000004
-77.67345679999967,39.855322640000004
-77.67421799999967,39.855322640000004
-77.67497919999967,39.855322640000004
-77.67574039999967,39.855322640000004
-77.67650159999967,39.855322640000004
-77.67726279999967,39.855322640000004
-77.67802399999967,39.855322640000004
-77.67878519999967,39.855322640000004
-77.67954639999967,39.855322640000004
-77.68030759999967,39.855322640000004
-77.68106879999966,39.855322640000004
-77.68182999999966,39.855322640000004
-77.68259119999966,39.855322640000004
-77.68335239999966,39.855322640000004
-77.68411359999966,39.855322640000004
-77.68487479999966,39.855322640000004
-77.68563599999966,39.855322640000004
-77.68639719999966,39.855322640000004
-77.68715839999966,39.855322640000004
-77.68791959999966,39.855322640000004
-77.68868079999966,39.855322640000004
-77.68944199999966,39.855322640000004
-77.69020319999966,39.855322640000004
-77.69096439999966,39.855322640000004
-77.69172559999966,39.855322640000004
-77.69248679999966,39.855322640000004
-77.69324799999966,39.855322640000004
-77.69400919999966,39.855322640000004
-77.69477039999965,39.855322640000004
-77.69553159999965,39.855322640000004
-77.69629279999965,39.855322640000004
-77.69705399999965,39.855322640000004
-77.69781519999965,39.855322640000004
-77.69857639999965,39.855322640000004
-77.69933759999965,39.855322640000004
-77.70009879999965,39.855322640000004
-77.70085999999965,39.855322640000004
-77.70162119999965,39.855322640000004
-77.70238239999965,39.855322640000004
-77.70314359999965,39.855322640000004
-77.70390479999965,39.855322640000004
-77.70466599999965,39.855322640000004
-77.70542719999965,39.855322640000004
-77.70618839999965,39.855322640000004
-77.70694959999965,39.855322640000004
-77.70771079999965,39.855322640000004
-77.70847199999965,39.855322640000004
-77.70923319999964,39.855322640000004
-77.70999439999964,39.855322640000004
-77.71075559999964,39.855322640000004
-77.71151679999964,39.855322640000004
-77.71227799999964,39.855322640000004
-77.71303919999964,39.855322640000004
-77.71380039999964,39.855322640000004
-77.71456159999964,39.855322640000004
-77.71532279999964,39.855322640000004
-77.71608399999964,39.855322640000004
-77.71684519999964,39.855322640000004
-77.71760639999964,39.855322640000004
-77.71836759999964,39.855322640000004
-77.71912879999964,39.855322640000004
-77.71988999999964,39.855322640000004
-77.72065119999964,39.855322640000004
-77.72141239999964,39.855322640000004
-77.72217359999964,39.855322640000004
-77.72293479999963,39.855322640000004
-77.72369599999963,39.855322640000004
-77.72445719999963,39.855322640000004
-77.72521839999963,39.855322640000004
-77.72597959999963,39.855322640000004
-77.72674079999963,39.855322640000004
-77.72750199999963,39.855322640000004
-77.72826319999963,39.855322640000004
-77.72902439999963,39.855322640000004
-77.72978559999963,39.855322640000004
-77.73054679999963,39.855322640000004
-77.73130799999963,39.855322640000004
-77.73206919999963,39.855322640000004
-77.73283039999963,39.855322640000004
-77.73359159999963,39.855322640000004
-77.73359159999963,39.854738080000004
-77.73435279999963,39.854738080000004
-77.73511399999963,39.854738080000004
-77.73587519999963,39.854738080000004
-77.73663639999963,39.854738080000004
-77.73739759999962,39.854738080000004
-77.73815879999962,39.854738080000004
-77.73891999999962,39.854738080000004
-77.73968119999962,39.854738080000004
-77.74044239999962,39.854738080000004
-77.74120359999962,39.854738080000004
-77.74196479999962,39.854738080000004
-77.74272599999962,39.854738080000004
-77.74348719999962,39.854738080000004
-77.74424839999962,39.854738080000004
-77.74500959999962,39.854738080000004
-77.74577079999962,39.854738080000004
-77.74653199999962,39.854738080000004
-77.74729319999962,39.854738080000004
-77.74805439999962,39.854738080000004
-77.74881559999962,39.854738080000004
-77.74957679999962,39.854738080000004
-77.75033799999962,39.854738080000004
-77.75109919999962,39.854738080000004
-77.75186039999961,39.854738080000004
-77.75262159999961,39.854738080000004
-77.75338279999961,39.854738080000004
-77.75414399999961,39.854738080000004
-77.75490519999961,39.854738080000004
-77.75566639999961,39.854738080000004
-77.75642759999961,39.854738080000004
-77.75718879999961,39.854738080000004
-77.75794999999961,39.854738080000004
-77.75871119999961,39.854738080000004
-77.75947239999961,39.854738080000004
-77.76023359999961,39.854738080000004
-77.76099479999961,39.854738080000004
-77.76175599999961,39.854738080000004
-77.7625171999996,39.854738080000004
-77.7632783999996,39.854738080000004
-77.7640395999996,39.854738080000004
-77.7648007999996,39.854738080000004
-77.7655619999996,39.854738080000004
-77.7663231999996,39.854738080000004
-77.7670843999996,39.854738080000004
-77.7678455999996,39.854738080000004
-77.7686067999996,39.854738080000004
-77.7693679999996,39.854738080000004
-77.7701291999996,39.854738080000004
-77.7708903999996,39.854738080000004
-77.7716515999996,39.854738080000004
-77.7724127999996,39.854738080000004
-77.7731739999996,39.854738080000004
-77.7739351999996,39.854738080000004
-77.7746963999996,39.854738080000004
-77.7754575999996,39.854738080000004
-77.7762187999996,39.854738080000004
-77.7769799999996,39.854738080000004
-77.7777411999996,39.854738080000004
-77.7785023999996,39.854738080000004
-77.7792635999996,39.854738080000004
-77.7800247999996,39.854738080000004
-77.7807859999996,39.854738080000004
-77.7815471999996,39.854738080000004
-77.7823083999996,39.854738080000004
-77.78306959999959,39.854738080000004
-77.78383079999959,39.854738080000004
-77.78459199999959,39.854738080000004
-77.78535319999959,39.854738080000004
-77.78611439999959,39.854738080000004
-77.78687559999959,39.854738080000004
-77.78763679999959,39.854738080000004
-77.78839799999959,39.854738080000004
-77.78915919999959,39.854738080000004
-77.78992039999959,39.854738080000004
-77.79068159999959,39.854738080000004
-77.79144279999959,39.854738080000004
-77.79220399999959,39.854738080000004
-77.79296519999959,39.854738080000004
-77.79372639999958,39.854738080000004
-77.79448759999958,39.854738080000004
-77.79524879999958,39.854738080000004
-77.79600999999958,39.854738080000004
-77.79677119999958,39.854738080000004
-77.79753239999958,39.854738080000004
-77.79829359999958,39.854738080000004
-77.79905479999958,39.854738080000004
-77.79981599999958,39.854738080000004
-77.80057719999958,39.854738080000004
-77.80133839999958,39.854738080000004
-77.80209959999958,39.854738080000004
-77.80286079999958,39.854738080000004
-77.80362199999958,39.854738080000004
-77.80438319999958,39.854738080000004
-77.80514439999958,39.854738080000004
-77.80590559999958,39.854738080000004
-77.80666679999958,39.854738080000004
-77.80742799999958,39.854738080000004
-77.80818919999957,39.854738080000004
-77.80895039999957,39.854738080000004
