-79.31612639999851,39.84246232
-79.31688759999851,39.84246232
-79.31764879999851,39.84246232
-79.31840999999851,39.84246232
-79.31917119999851,39.84246232
-79.3199323999985,39.84246232
-79.3206935999985,39.84246232
-79.3214547999985,39.84246232
-79.3222159999985,39.84246232
-79.3229771999985,39.84246232
-79.3237383999985,39.84246232
-79.3244995999985,39.84246232
-79.3252607999985,39.84246232
-79.3260219999985,39.84246232
-79.3267831999985,39.84246232
-79.3275443999985,39.84246232
-79.3283055999985,39.84246232
-79.3290667999985,39.84246232
-79.3298279999985,39.84246232
-79.3305891999985,39.84246232
-79.3313503999985,39.84246232
-79.3321115999985,39.84246232
-79.3328727999985,39.84246232
-79.3336339999985,39.84246232
-79.3343951999985,39.84246232
-79.3351563999985,39.84246232
-79.3359175999985,39.84246232
-79.3366787999985,39.84246232
-79.3374399999985,39.84246232
-79.3382011999985,39.84246232
-79.3389623999985,39.84246232
-79.33972359999849,39.84246232
-79.34048479999849,39.84246232
-79.34124599999849,39.84246232
-79.34200719999849,39.84246232
-79.34276839999849,39.84246232
-79.34352959999849,39.84246232
-79.34429079999849,39.84246232
-79.34505199999849,39.84246232
-79.34581319999849,39.84246232
-79.34657439999849,39.84246232
-79.34733559999849,39.84246232
-79.34809679999849,39.84246232
-79.34885799999849,39.84246232
-79.34961919999849,39.84246232
-79.35038039999849,39.84246232
-79.35114159999848,39.84246232
-79.35190279999848,39.84246232
-79.35266399999848,39.84246232
-79.35342519999848,39.84246232
-79.35418639999848,39.84246232
-79.35494759999848,39.84246232
-79.35570879999848,39.84246232
-79.35646999999848,39.84246232
-79.35723119999848,39.84246232
-79.35799239999848,39.84246232
-79.35875359999848,39.84246232
-79.35951479999848,39.84246232
-79.36027599999848,39.84246232
-79.36103719999848,39.84246232
-79.36179839999848,39.84246232
-79.36255959999848,39.84246232
-79.36332079999848,39.84246232
-79.36408199999848,39.84246232
-79.36484319999848,39.84246232
-79.36560439999847,39.84246232
-79.36636559999847,39.84246232
-79.36712679999847,39.84246232
-79.36788799999847,39.84246232
-79.36864919999847,39.84246232
-79.36941039999847,39.84246232
-79.37017159999847,39.84246232
-79.37093279999847,39.84246232
-79.37169399999847,39.84246232
-79.37245519999847,39.84246232
-79.37321639999847,39.84246232
-79.37397759999847,39.84246232
-79.37473879999847,39.84246232
-79.37549999999847,39.84246232
-79.37626119999847,39.84246232
-79.37702239999847,39.84246232
-79.37778359999847,39.84246232
-79.37854479999847,39.84246232
-79.37930599999846,39.84246232
-79.38006719999846,39.84246232
-79.38082839999846,39.84246232
-79.38158959999846,39.84246232
-79.38235079999846,39.84246232
-79.38311199999846,39.84246232
-79.38387319999846,39.84246232
-79.38463439999846,39.84246232
-79.38539559999846,39.84246232
-79.38615679999846,39.84246232
-79.38691799999846,39.84246232
-79.38767919999846,39.84246232
-79.38844039999846,39.84246232
-79.38920159999846,39.84246232
-79.38996279999846,39.84246232
-79.39072399999846,39.84246232
-79.39148519999846,39.84246232
-79.39148519999846,39.84187776
-79.39224639999846,39.84187776
-79.39300759999846,39.84187776
-79.39376879999845,39.84187776
-79.39452999999845,39.84187776
-79.39529119999845,39.84187776
-79.39605239999845,39.84187776
-79.39681359999845,39.84187776
-79.39757479999845,39.84187776
-79.39833599999845,39.84187776
-79.39909719999845,39.84187776
-79.39985839999845,39.84187776
-79.40061959999845,39.84187776
-79.40138079999845,39.84187776
-79.40214199999845,39.84187776
-79.40290319999845,39.84187776
-79.40366439999845,39.84187776
-79.40442559999845,39.84187776
-79.40518679999845,39.84187776
-79.40594799999845,39.84187776
-79.40670919999845,39.84187776
-79.40747039999845,39.84187776
-79.40823159999844,39.84187776
-79.40899279999844,39.84187776
-79.40975399999844,39.84187776
-79.41051519999844,39.84187776
-79.41127639999844,39.84187776
-79.41203759999844,39.84187776
-79.41279879999844,39.84187776
-79.41355999999844,39.84187776
-79.41432119999844,39.84187776
-79.41508239999844,39.84187776
-79.41584359999844,39.84187776
-79.41660479999844,39.84187776
-79.41736599999844,39.84187776
-79.41812719999844,39.84187776
-79.41888839999844,39.84187776
-79.41964959999844,39.84187776
-79.42041079999844,39.84187776
-79.42117199999844,39.84187776
-79.42193319999843,39.84187776
-79.42269439999843,39.84187776
-79.42345559999843,39.84187776
-79.42421679999843,39.84187776
-79.42497799999843,39.84187776
-79.42573919999843,39.84187776
-79.42650039999843,39.84187776
-79.42726159999843,39.84187776
-79.42802279999843,39.84187776
-79.42878399999843,39.84187776
-79.42954519999843,39.84187776
-79.43030639999843,39.84187776
-79.43106759999843,39.84187776
-79.43182879999843,39.84187776
-79.43258999999843,39.84187776
-79.43335119999843,39.84187776
-79.43411239999843,39.84187776
-79.43487359999843,39.84187776
-79.43563479999843,39.84187776
-79.43639599999842,39.84187776
-79.43715719999842,39.84187776
-79.43791839999842,39.84187776
-79.43867959999842,39.84187776
-79.43944079999842,39.84187776
-79.44020199999842,39.84187776
-79.44096319999842,39.84187776
-79.44172439999842,39.84187776
-79.44248559999842,39.84187776
-79.44324679999842,39.84187776
-79.44400799999842,39.84187776
-79.44476919999842,39.84187776
-79.44553039999842,39.84187776
-79.44629159999842,39.84187776
-79.44705279999842,39.84187776
-79.44781399999842,39.84187776
-79.44857519999842,39.84187776
-79.44933639999842,39.84187776
-79.45009759999841,39.84187776
-79.45085879999841,39.84187776
-79.45161999999841,39.84187776
-79.45238119999841,39.84187776
-79.45314239999841,39.84187776
-79.45390359999841,39.84187776
-79.45466479999841,39.84187776
-79.45542599999841,39.84187776
-79.45618719999841,39.84187776
-79.45694839999841,39.84187776
-79.45770959999841,39.84187776
-79.45847079999841,39.84187776
-79.45923199999841,39.84187776
-79.45999319999841,39.84187776
-79.46075439999841,39.84187776
-79.4615155999984,39.84187776
-79.4622767999984,39.84187776
-79.4630379999984,39.84187776
-79.4637991999984,39.84187776
-79.4645603999984,39.84187776
-79.4653215999984,39.84187776
-79.4660827999984,39.84187776
-79.4668439999984,39.84187776
-79.4668439999984,39.8412932
-79.4676051999984,39.8412932
-79.4683663999984,39.8412932
-79.4691275999984,39.8412932
-79.4698887999984,39.8412932
-79.4706499999984,39.8412932
-79.4714111999984,39.8412932
-79.4721723999984,39.8412932
-79.4729335999984,39.8412932
-79.4736947999984,39.8412932
-79.4744559999984,39.8412932
-79.4752171999984,39.8412932
-79.4759783999984,39.8412932
-79.4767395999984,39.8412932
-79.4775007999984,39.8412932
-79.4782619999984,39.8412932
-79.4790231999984,39.8412932
-79.4797843999984,39.8412932
-79.4805455999984,39.8412932
-79.48130679999839,39.8412932
-79.48206799999839,39.8412932
-79.48282919999839,39.8412932
-79.48359039999839,39.8412932
-79.48435159999839,39.8412932
-79.48511279999839,39.8412932
-79.48587399999839,39.8412932
-79.48663519999839,39.8412932
-79.48739639999839,39.8412932
-79.48815759999839,39.8412932
-79.48891879999839,39.8412932
-79.48967999999839,39.8412932
-79.49044119999839,39.8412932
-79.49120239999839,39.8412932
-79.49196359999839,39.8412932
-79.49272479999838,39.8412932
-79.49348599999838,39.8412932
-79.49424719999838,39.8412932
-79.49500839999838,39.8412932
-79.49576959999838,39.8412932
-79.49653079999838,39.8412932
-79.49729199999838,39.8412932
-79.49805319999838,39.8412932
-79.49881439999838,39.8412932
-79.49957559999838,39.8412932
-79.50033679999838,39.8412932
-79.50109799999838,39.8412932
-79.50185919999838,39.8412932
-79.50262039999838,39.8412932
-79.50338159999838,39.8412932
-79.50414279999838,39.8412932
-79.50490399999838,39.8412932
-79.50566519999838,39.8412932
-79.50642639999838,39.8412932
-79.50718759999837,39.8412932
-79.50794879999837,39.8412932
-79.50870999999837,39.8412932
-79.50947119999837,39.8412932
-79.51023239999837,39.8412932
-79.51099359999837,39.8412932
-79.51175479999837,39.8412932
-79.51251599999837,39.8412932
-79.51327719999837,39.8412932
-79.51403839999837,39.8412932
-79.51479959999837,39.8412932
-79.51556079999837,39.8412932
-79.51632199999837,39.8412932
-79.51708319999837,39.8412932
-79.51784439999837,39.8412932
-79.51860559999837,39.8412932
-79.51936679999837,39.8412932
-79.52012799999837,39.8412932
-79.52088919999836,39.8412932
-79.52165039999836,39.8412932
-79.52241159999836,39.8412932
-79.52317279999836,39.8412932
-79.52393399999836,39.8412932
-79.52469519999836,39.8412932
-79.52545639999836,39.8412932
-79.52621759999836,39.8412932
-79.52697879999836,39.8412932
-79.52773999999836,39.8412932
-79.52850119999836,39.8412932
-79.52926239999836,39.8412932
-79.53002359999836,39.8412932
-79.53078479999836,39.8412932
-79.53154599999836,39.8412932
-79.53230719999836,39.8412932
-79.53306839999836,39.8412932
-79.53382959999836,39.8412932
-79.53459079999836,39.8412932
-79.53535199999835,39.8412932
-79.53611319999835,39.8412932
-79.53687439999835,39.8412932
-79.53763559999835,39.8412932
-79.53839679999835,39.8412932
-79.53915799999835,39.8412932
-79.53991919999835,39.8412932
-79.54068039999835,39.8412932
-79.54144159999835,39.8412932
-79.54220279999835,39.8412932
-79.54220279999835,39.84070864
-79.54296399999835,39.84070864
-79.54372519999835,39.84070864
-79.54448639999835,39.84070864
-79.54524759999835,39.84070864
-79.54600879999835,39.84070864
-79.54676999999835,39.84070864
-79.54753119999835,39.84070864
-79.54829239999835,39.84070864
-79.54905359999835,39.84070864
-79.54981479999834,39.84070864
-79.55057599999834,39.84070864
-79.55133719999834,39.84070864
-79.55209839999834,39.84070864
-79.55285959999834,39.84070864
-79.55362079999834,39.84070864
-79.55438199999834,39.84070864
-79.55514319999834,39.84070864
-79.55590439999834,39.84070864
-79.55666559999834,39.84070864
-79.55742679999834,39.84070864
-79.55818799999834,39.84070864
-79.55894919999834,39.84070864
-79.55971039999834,39.84070864
-79.56047159999834,39.84070864
-79.56123279999834,39.84070864
-79.56199399999834,39.84070864
-79.56275519999834,39.84070864
-79.56351639999833,39.84070864
-79.56427759999833,39.84070864
-79.56503879999833,39.84070864
-79.56579999999833,39.84070864
-79.56656119999833,39.84070864
-79.56732239999833,39.84070864
-79.56808359999833,39.84070864
-79.56884479999833,39.84070864
-79.56960599999833,39.84070864
-79.57036719999833,39.84070864
-79.57112839999833,39.84070864
-79.57188959999833,39.84070864
-79.57265079999833,39.84070864
-79.57341199999833,39.84070864
-79.57417319999833,39.84070864
-79.57493439999833,39.84070864
-79.57569559999833,39.84070864
-79.57645679999833,39.84070864
-79.57721799999833,39.84070864
-79.57797919999832,39.84070864
-79.57874039999832,39.84070864
-79.57950159999832,39.84070864
-79.58026279999832,39.84070864
-79.58102399999832,39.84070864
-79.58178519999832,39.84070864
-79.58254639999832,39.84070864
-79.58330759999832,39.84070864
-79.58406879999832,39.84070864
-79.58482999999832,39.84070864
-79.58559119999832,39.84070864
-79.58635239999832,39.84070864
-79.58711359999832,39.84070864
-79.58787479999832,39.84070864
-79.58863599999832,39.84070864
-79.58939719999832,39.84070864
-79.59015839999832,39.84070864
-79.59091959999832,39.84070864
-79.59168079999831,39.84070864
-79.59244199999831,39.84070864
-79.59320319999831,39.84070864
-79.59396439999831,39.84070864
-79.59472559999831,39.84070864
-79.59548679999831,39.84070864
-79.59624799999831,39.84070864
-79.59700919999831,39.84070864
-79.59777039999831,39.84070864
-79.59853159999831,39.84070864
-79.59929279999831,39.84070864
-79.60005399999831,39.84070864
-79.60081519999831,39.84070864
-79.60157639999831,39.84070864
-79.60233759999831,39.84070864
-79.6030987999983,39.84070864
-79.6038599999983,39.84070864
-79.6046211999983,39.84070864
-79.6053823999983,39.84070864
-79.6061435999983,39.84070864
-79.6069047999983,39.84070864
-79.6076659999983,39.84070864
-79.6084271999983,39.84070864
-79.6091883999983,39.84070864
-79.6099495999983,39.84070864
-79.6107107999983,39.84070864
-79.6114719999983,39.84070864
-79.6122331999983,39.84070864
-79.6129943999983,39.84070864
-79.6137555999983,39.84070864
-79.6145167999983,39.84070864
-79.6152779999983,39.84070864
-79.6160391999983,39.84070864
-79.6168003999983,39.84070864
-79.6175615999983,39.84070864
