-83.83765439999532,39.80738872
-83.83841559999532,39.80738872
-83.83917679999531,39.80738872
-83.83993799999531,39.80738872
-83.84069919999531,39.80738872
-83.84146039999531,39.80738872
-83.84222159999531,39.80738872
-83.84298279999531,39.80738872
-83.84374399999531,39.80738872
-83.84450519999531,39.80738872
-83.84526639999531,39.80738872
-83.84602759999531,39.80738872
-83.84678879999531,39.80738872
-83.84754999999531,39.80738872
-83.84831119999531,39.80738872
-83.84907239999531,39.80738872
-83.8498335999953,39.80738872
-83.8505947999953,39.80738872
-83.8513559999953,39.80738872
-83.8521171999953,39.80738872
-83.8528783999953,39.80738872
-83.8536395999953,39.80738872
-83.8544007999953,39.80738872
-83.8551619999953,39.80738872
-83.8559231999953,39.80738872
-83.8566843999953,39.80738872
-83.8574455999953,39.80738872
-83.8582067999953,39.80738872
-83.8589679999953,39.80738872
-83.8597291999953,39.80738872
-83.8604903999953,39.80738872
-83.8612515999953,39.80738872
-83.8620127999953,39.80738872
-83.8627739999953,39.80738872
-83.8635351999953,39.80738872
-83.8642963999953,39.80738872
-83.8650575999953,39.80738872
-83.8658187999953,39.80738872
-83.8665799999953,39.80738872
-83.8673411999953,39.80738872
-83.8681023999953,39.80738872
-83.8688635999953,39.80738872
-83.8696247999953,39.80738872
-83.87038599999529,39.80738872
-83.87114719999529,39.80738872
-83.87190839999529,39.80738872
-83.87266959999529,39.80738872
-83.87343079999529,39.80738872
-83.87419199999529,39.80738872
-83.87495319999529,39.80738872
-83.87571439999529,39.80738872
-83.87647559999529,39.80738872
-83.87723679999529,39.80738872
-83.87799799999529,39.80738872
-83.87875919999529,39.80738872
-83.87952039999529,39.80738872
-83.88028159999529,39.80738872
-83.88104279999529,39.80738872
-83.88180399999528,39.80738872
-83.88256519999528,39.80738872
-83.88332639999528,39.80738872
-83.88408759999528,39.80738872
-83.88484879999528,39.80738872
-83.88560999999528,39.80738872
-83.88637119999528,39.80738872
-83.88713239999528,39.80738872
-83.88789359999528,39.80738872
-83.88865479999528,39.80738872
-83.88941599999528,39.80738872
-83.89017719999528,39.80738872
-83.89093839999528,39.80738872
-83.89169959999528,39.80738872
-83.89246079999528,39.80738872
-83.89322199999528,39.80738872
-83.89398319999528,39.80738872
-83.89474439999528,39.80738872
-83.89550559999527,39.80738872
-83.89626679999527,39.80738872
-83.89702799999527,39.80738872
-83.89778919999527,39.80738872
-83.89855039999527,39.80738872
-83.89931159999527,39.80738872
-83.90007279999527,39.80738872
-83.90083399999527,39.80738872
-83.90159519999527,39.80738872
-83.90235639999527,39.80738872
-83.90311759999527,39.80738872
-83.90387879999527,39.80738872
-83.90463999999527,39.80738872
-83.90540119999527,39.80738872
-83.90616239999527,39.80738872
-83.90692359999527,39.80738872
-83.90768479999527,39.80738872
-83.90844599999527,39.80738872
-83.90920719999527,39.80738872
-83.90996839999526,39.80738872
-83.91072959999526,39.80738872
-83.91149079999526,39.80738872
-83.91225199999526,39.80738872
-83.91301319999526,39.80738872
-83.91301319999526,39.80680416
-83.91377439999526,39.80680416
-83.91453559999526,39.80680416
-83.91529679999526,39.80680416
-83.91605799999526,39.80680416
-83.91681919999526,39.80680416
-83.91758039999526,39.80680416
-83.91834159999526,39.80680416
-83.91910279999526,39.80680416
-83.91986399999526,39.80680416
-83.92062519999526,39.80680416
-83.92138639999526,39.80680416
-83.92214759999526,39.80680416
-83.92290879999526,39.80680416
-83.92366999999525,39.80680416
-83.92443119999525,39.80680416
-83.92519239999525,39.80680416
-83.92595359999525,39.80680416
-83.92671479999525,39.80680416
-83.92747599999525,39.80680416
-83.92823719999525,39.80680416
-83.92899839999525,39.80680416
-83.92975959999525,39.80680416
-83.93052079999525,39.80680416
-83.93128199999525,39.80680416
-83.93204319999525,39.80680416
-83.93280439999525,39.80680416
-83.93356559999525,39.80680416
-83.93432679999525,39.80680416
-83.93508799999525,39.80680416
-83.93584919999525,39.80680416
-83.93661039999525,39.80680416
-83.93737159999525,39.80680416
-83.93813279999524,39.80680416
-83.93889399999524,39.80680416
-83.93965519999524,39.80680416
-83.94041639999524,39.80680416
-83.94117759999524,39.80680416
-83.94193879999524,39.80680416
-83.94269999999524,39.80680416
-83.94346119999524,39.80680416
-83.94422239999524,39.80680416
-83.94498359999524,39.80680416
-83.94574479999524,39.80680416
-83.94650599999524,39.80680416
-83.94726719999524,39.80680416
-83.94802839999524,39.80680416
-83.94878959999524,39.80680416
-83.94955079999524,39.80680416
-83.95031199999524,39.80680416
-83.95107319999524,39.80680416
-83.95183439999524,39.80680416
-83.95259559999523,39.80680416
-83.95335679999523,39.80680416
-83.95411799999523,39.80680416
-83.95487919999523,39.80680416
-83.95564039999523,39.80680416
-83.95640159999523,39.80680416
-83.95716279999523,39.80680416
-83.95792399999523,39.80680416
-83.95868519999523,39.80680416
-83.95944639999523,39.80680416
-83.96020759999523,39.80680416
-83.96096879999523,39.80680416
-83.96172999999523,39.80680416
-83.96249119999523,39.80680416
-83.96325239999523,39.80680416
-83.96401359999523,39.80680416
-83.96477479999523,39.80680416
-83.96553599999523,39.80680416
-83.96629719999522,39.80680416
-83.96705839999522,39.80680416
-83.96781959999522,39.80680416
-83.96858079999522,39.80680416
-83.96934199999522,39.80680416
-83.97010319999522,39.80680416
-83.97086439999522,39.80680416
-83.97162559999522,39.80680416
-83.97238679999522,39.80680416
-83.97314799999522,39.80680416
-83.97390919999522,39.80680416
-83.97467039999522,39.80680416
-83.97543159999522,39.80680416
-83.97619279999522,39.80680416
-83.97695399999522,39.80680416
-83.97771519999522,39.80680416
-83.97847639999522,39.80680416
-83.97923759999522,39.80680416
-83.97999879999522,39.80680416
-83.98075999999521,39.80680416
-83.98152119999521,39.80680416
-83.98228239999521,39.80680416
-83.98304359999521,39.80680416
-83.98380479999521,39.80680416
-83.98456599999521,39.80680416
-83.98532719999521,39.80680416
-83.98608839999521,39.80680416
-83.98684959999521,39.80680416
-83.98761079999521,39.80680416
-83.98837199999521,39.80680416
-83.98837199999521,39.8062196
-83.98913319999521,39.8062196
-83.98989439999521,39.8062196
-83.99065559999521,39.8062196
-83.9914167999952,39.8062196
-83.9921779999952,39.8062196
-83.9929391999952,39.8062196
-83.9937003999952,39.8062196
-83.9944615999952,39.8062196
-83.9952227999952,39.8062196
-83.9959839999952,39.8062196
-83.9967451999952,39.8062196
-83.9975063999952,39.8062196
-83.9982675999952,39.8062196
-83.9990287999952,39.8062196
-83.9997899999952,39.8062196
-84.0005511999952,39.8062196
-84.0013123999952,39.8062196
-84.0020735999952,39.8062196
-84.0028347999952,39.8062196
-84.0035959999952,39.8062196
-84.0043571999952,39.8062196
-84.0051183999952,39.8062196
-84.0058795999952,39.8062196
-84.0066407999952,39.8062196
-84.0074019999952,39.8062196
-84.0081631999952,39.8062196
-84.0089243999952,39.8062196
-84.0096855999952,39.8062196
-84.0104467999952,39.8062196
-84.0112079999952,39.8062196
-84.01196919999519,39.8062196
-84.01273039999519,39.8062196
-84.01349159999519,39.8062196
-84.01425279999519,39.8062196
-84.01501399999519,39.8062196
-84.01577519999519,39.8062196
-84.01653639999519,39.8062196
-84.01729759999519,39.8062196
-84.01805879999519,39.8062196
-84.01881999999519,39.8062196
-84.01958119999519,39.8062196
-84.02034239999519,39.8062196
-84.02110359999519,39.8062196
-84.02186479999519,39.8062196
-84.02262599999518,39.8062196
-84.02338719999518,39.8062196
-84.02414839999518,39.8062196
-84.02490959999518,39.8062196
-84.02567079999518,39.8062196
-84.02643199999518,39.8062196
-84.02719319999518,39.8062196
-84.02795439999518,39.8062196
-84.02871559999518,39.8062196
-84.02947679999518,39.8062196
-84.03023799999518,39.8062196
-84.03099919999518,39.8062196
-84.03176039999518,39.8062196
-84.03252159999518,39.8062196
-84.03328279999518,39.8062196
-84.03404399999518,39.8062196
-84.03480519999518,39.8062196
-84.03556639999518,39.8062196
-84.03632759999518,39.8062196
-84.03708879999517,39.8062196
-84.03784999999517,39.8062196
-84.03861119999517,39.8062196
-84.03937239999517,39.8062196
-84.04013359999517,39.8062196
-84.04089479999517,39.8062196
-84.04165599999517,39.8062196
-84.04241719999517,39.8062196
-84.04317839999517,39.8062196
-84.04393959999517,39.8062196
-84.04470079999517,39.8062196
-84.04546199999517,39.8062196
-84.04622319999517,39.8062196
-84.04698439999517,39.8062196
-84.04774559999517,39.8062196
-84.04850679999517,39.8062196
-84.04926799999517,39.8062196
-84.05002919999517,39.8062196
-84.05079039999517,39.8062196
-84.05155159999516,39.8062196
-84.05231279999516,39.8062196
-84.05307399999516,39.8062196
-84.05383519999516,39.8062196
-84.05459639999516,39.8062196
-84.05535759999516,39.8062196
-84.05611879999516,39.8062196
-84.05687999999516,39.8062196
-84.05764119999516,39.8062196
-84.05840239999516,39.8062196
-84.05916359999516,39.8062196
-84.05992479999516,39.8062196
-84.06068599999516,39.8062196
-84.06144719999516,39.8062196
-84.06220839999516,39.8062196
-84.06296959999516,39.8062196
-84.06373079999516,39.8062196
-84.06373079999516,39.80563504
-84.06449199999516,39.80563504
-84.06525319999515,39.80563504
-84.06601439999515,39.80563504
-84.06677559999515,39.80563504
-84.06753679999515,39.80563504
-84.06829799999515,39.80563504
-84.06905919999515,39.80563504
-84.06982039999515,39.80563504
-84.07058159999515,39.80563504
-84.07134279999515,39.80563504
-84.07210399999515,39.80563504
-84.07286519999515,39.80563504
-84.07362639999515,39.80563504
-84.07438759999515,39.80563504
-84.07514879999515,39.80563504
-84.07590999999515,39.80563504
-84.07667119999515,39.80563504
-84.07743239999515,39.80563504
-84.07819359999515,39.80563504
-84.07895479999515,39.80563504
-84.07971599999514,39.80563504
-84.08047719999514,39.80563504
-84.08123839999514,39.80563504
-84.08199959999514,39.80563504
-84.08276079999514,39.80563504
-84.08352199999514,39.80563504
-84.08428319999514,39.80563504
-84.08504439999514,39.80563504
-84.08580559999514,39.80563504
-84.08656679999514,39.80563504
-84.08732799999514,39.80563504
-84.08808919999514,39.80563504
-84.08885039999514,39.80563504
-84.08961159999514,39.80563504
-84.09037279999514,39.80563504
-84.09113399999514,39.80563504
-84.09189519999514,39.80563504
-84.09265639999514,39.80563504
-84.09341759999513,39.80563504
-84.09417879999513,39.80563504
-84.09493999999513,39.80563504
-84.09570119999513,39.80563504
-84.09646239999513,39.80563504
-84.09722359999513,39.80563504
-84.09798479999513,39.80563504
-84.09874599999513,39.80563504
-84.09950719999513,39.80563504
-84.10026839999513,39.80563504
-84.10102959999513,39.80563504
-84.10179079999513,39.80563504
-84.10255199999513,39.80563504
-84.10331319999513,39.80563504
-84.10407439999513,39.80563504
-84.10483559999513,39.80563504
-84.10559679999513,39.80563504
-84.10635799999513,39.80563504
-84.10711919999513,39.80563504
-84.10788039999512,39.80563504
-84.10864159999512,39.80563504
-84.10940279999512,39.80563504
-84.11016399999512,39.80563504
-84.11092519999512,39.80563504
-84.11168639999512,39.80563504
-84.11244759999512,39.80563504
-84.11320879999512,39.80563504
-84.11396999999512,39.80563504
-84.11473119999512,39.80563504
-84.11549239999512,39.80563504
-84.11625359999512,39.80563504
-84.11701479999512,39.80563504
-84.11777599999512,39.80563504
-84.11853719999512,39.80563504
-84.11929839999512,39.80563504
-84.12005959999512,39.80563504
-84.12082079999512,39.80563504
-84.12158199999512,39.80563504
-84.12234319999511,39.80563504
-84.12310439999511,39.80563504
-84.12386559999511,39.80563504
-84.12462679999511,39.80563504
-84.12538799999511,39.80563504
-84.12614919999511,39.80563504
-84.12691039999511,39.80563504
-84.12767159999511,39.80563504
-84.12843279999511,39.80563504
-84.12919399999511,39.80563504
-84.12995519999511,39.80563504
-84.13071639999511,39.80563504
-84.13147759999511,39.80563504
-84.13223879999511,39.80563504
-84.1329999999951,39.80563504
-84.1337611999951,39.80563504
-84.1345223999951,39.80563504
-84.1352835999951,39.80563504
-84.1360447999951,39.80563504
-84.1368059999951,39.80563504
-84.1375671999951,39.80563504
-84.1383283999951,39.80563504
-84.1390895999951,39.80563504
