-78.11038559999936,39.851815280000004
-78.11114679999936,39.851815280000004
-78.11190799999936,39.851815280000004
-78.11266919999936,39.851815280000004
-78.11343039999936,39.851815280000004
-78.11419159999936,39.851815280000004
-78.11495279999936,39.851815280000004
-78.11571399999936,39.851815280000004
-78.11647519999936,39.851815280000004
-78.11723639999936,39.851815280000004
-78.11799759999936,39.851815280000004
-78.11875879999936,39.851815280000004
-78.11951999999935,39.851815280000004
-78.12028119999935,39.851815280000004
-78.12104239999935,39.851815280000004
-78.12180359999935,39.851815280000004
-78.12256479999935,39.851815280000004
-78.12332599999935,39.851815280000004
-78.12408719999935,39.851815280000004
-78.12484839999935,39.851815280000004
-78.12560959999935,39.851815280000004
-78.12637079999935,39.851815280000004
-78.12713199999935,39.851815280000004
-78.12789319999935,39.851815280000004
-78.12865439999935,39.851815280000004
-78.12941559999935,39.851815280000004
-78.13017679999935,39.851815280000004
-78.13093799999935,39.851815280000004
-78.13169919999935,39.851815280000004
-78.13246039999935,39.851815280000004
-78.13322159999935,39.851815280000004
-78.13398279999934,39.851815280000004
-78.13474399999934,39.851815280000004
-78.13550519999934,39.851815280000004
-78.13626639999934,39.851815280000004
-78.13702759999934,39.851815280000004
-78.13778879999934,39.851815280000004
-78.13854999999934,39.851815280000004
-78.13931119999934,39.851815280000004
-78.14007239999934,39.851815280000004
-78.14083359999934,39.851815280000004
-78.14159479999934,39.851815280000004
-78.14235599999934,39.851815280000004
-78.14311719999934,39.851815280000004
-78.14387839999934,39.851815280000004
-78.14463959999934,39.851815280000004
-78.14540079999934,39.851815280000004
-78.14616199999934,39.851815280000004
-78.14692319999934,39.851815280000004
-78.14768439999933,39.851815280000004
-78.14844559999933,39.851815280000004
-78.14920679999933,39.851815280000004
-78.14996799999933,39.851815280000004
-78.15072919999933,39.851815280000004
-78.15149039999933,39.851815280000004
-78.15225159999933,39.851815280000004
-78.15301279999933,39.851815280000004
-78.15377399999933,39.851815280000004
-78.15453519999933,39.851815280000004
-78.15529639999933,39.851815280000004
-78.15605759999933,39.851815280000004
-78.15681879999933,39.851815280000004
-78.15757999999933,39.851815280000004
-78.15834119999933,39.851815280000004
-78.15910239999933,39.851815280000004
-78.15986359999933,39.851815280000004
-78.16062479999933,39.851815280000004
-78.16138599999933,39.851815280000004
-78.16214719999932,39.851815280000004
-78.16290839999932,39.851815280000004
-78.16366959999932,39.851815280000004
-78.16443079999932,39.851815280000004
-78.16519199999932,39.851815280000004
-78.16595319999932,39.851815280000004
-78.16671439999932,39.851815280000004
-78.16747559999932,39.851815280000004
-78.16823679999932,39.851815280000004
-78.16899799999932,39.851815280000004
-78.16975919999932,39.851815280000004
-78.17052039999932,39.851815280000004
-78.17128159999932,39.851815280000004
-78.17204279999932,39.851815280000004
-78.17280399999932,39.851815280000004
-78.17356519999932,39.851815280000004
-78.17432639999932,39.851815280000004
-78.17508759999932,39.851815280000004
-78.17584879999932,39.851815280000004
-78.17660999999931,39.851815280000004
-78.17737119999931,39.851815280000004
-78.17813239999931,39.851815280000004
-78.17889359999931,39.851815280000004
-78.17965479999931,39.851815280000004
-78.18041599999931,39.851815280000004
-78.18117719999931,39.851815280000004
-78.18193839999931,39.851815280000004
-78.18269959999931,39.851815280000004
-78.18346079999931,39.851815280000004
-78.18422199999931,39.851815280000004
-78.18498319999931,39.851815280000004
-78.18574439999931,39.851815280000004
-78.18574439999931,39.851230720000004
-78.18650559999931,39.851230720000004
-78.1872667999993,39.851230720000004
-78.1880279999993,39.851230720000004
-78.1887891999993,39.851230720000004
-78.1895503999993,39.851230720000004
-78.1903115999993,39.851230720000004
-78.1910727999993,39.851230720000004
-78.1918339999993,39.851230720000004
-78.1925951999993,39.851230720000004
-78.1933563999993,39.851230720000004
-78.1941175999993,39.851230720000004
-78.1948787999993,39.851230720000004
-78.1956399999993,39.851230720000004
-78.1964011999993,39.851230720000004
-78.1971623999993,39.851230720000004
-78.1979235999993,39.851230720000004
-78.1986847999993,39.851230720000004
-78.1994459999993,39.851230720000004
-78.2002071999993,39.851230720000004
-78.2009683999993,39.851230720000004
-78.2017295999993,39.851230720000004
-78.2024907999993,39.851230720000004
-78.2032519999993,39.851230720000004
-78.2040131999993,39.851230720000004
-78.2047743999993,39.851230720000004
-78.2055355999993,39.851230720000004
-78.2062967999993,39.851230720000004
-78.2070579999993,39.851230720000004
-78.20781919999929,39.851230720000004
-78.20858039999929,39.851230720000004
-78.20934159999929,39.851230720000004
-78.21010279999929,39.851230720000004
-78.21086399999929,39.851230720000004
-78.21162519999929,39.851230720000004
-78.21238639999929,39.851230720000004
-78.21314759999929,39.851230720000004
-78.21390879999929,39.851230720000004
-78.21466999999929,39.851230720000004
-78.21543119999929,39.851230720000004
-78.21619239999929,39.851230720000004
-78.21695359999929,39.851230720000004
-78.21771479999929,39.851230720000004
-78.21847599999928,39.851230720000004
-78.21923719999928,39.851230720000004
-78.21999839999928,39.851230720000004
-78.22075959999928,39.851230720000004
-78.22152079999928,39.851230720000004
-78.22228199999928,39.851230720000004
-78.22304319999928,39.851230720000004
-78.22380439999928,39.851230720000004
-78.22456559999928,39.851230720000004
-78.22532679999928,39.851230720000004
-78.22608799999928,39.851230720000004
-78.22684919999928,39.851230720000004
-78.22761039999928,39.851230720000004
-78.22837159999928,39.851230720000004
-78.22913279999928,39.851230720000004
-78.22989399999928,39.851230720000004
-78.23065519999928,39.851230720000004
-78.23141639999928,39.851230720000004
-78.23217759999928,39.851230720000004
-78.23293879999927,39.851230720000004
-78.23369999999927,39.851230720000004
-78.23446119999927,39.851230720000004
-78.23522239999927,39.851230720000004
-78.23598359999927,39.851230720000004
-78.23674479999927,39.851230720000004
-78.23750599999927,39.851230720000004
-78.23826719999927,39.851230720000004
-78.23902839999927,39.851230720000004
-78.23978959999927,39.851230720000004
-78.24055079999927,39.851230720000004
-78.24131199999927,39.851230720000004
-78.24207319999927,39.851230720000004
-78.24283439999927,39.851230720000004
-78.24359559999927,39.851230720000004
-78.24435679999927,39.851230720000004
-78.24511799999927,39.851230720000004
-78.24587919999927,39.851230720000004
-78.24664039999927,39.851230720000004
-78.24740159999926,39.851230720000004
-78.24816279999926,39.851230720000004
-78.24892399999926,39.851230720000004
-78.24968519999926,39.851230720000004
-78.25044639999926,39.851230720000004
-78.25120759999926,39.851230720000004
-78.25196879999926,39.851230720000004
-78.25272999999926,39.851230720000004
-78.25349119999926,39.851230720000004
-78.25425239999926,39.851230720000004
-78.25501359999926,39.851230720000004
-78.25577479999926,39.851230720000004
-78.25653599999926,39.851230720000004
-78.25729719999926,39.851230720000004
-78.25805839999926,39.851230720000004
-78.25881959999926,39.851230720000004
-78.25958079999926,39.851230720000004
-78.26034199999926,39.851230720000004
-78.26110319999925,39.851230720000004
-78.26110319999925,39.850646160000004
-78.26186439999925,39.850646160000004
-78.26262559999925,39.850646160000004
-78.26338679999925,39.850646160000004
-78.26414799999925,39.850646160000004
-78.26490919999925,39.850646160000004
-78.26567039999925,39.850646160000004
-78.26643159999925,39.850646160000004
-78.26719279999925,39.850646160000004
-78.26795399999925,39.850646160000004
-78.26871519999925,39.850646160000004
-78.26947639999925,39.850646160000004
-78.27023759999925,39.850646160000004
-78.27099879999925,39.850646160000004
-78.27175999999925,39.850646160000004
-78.27252119999925,39.850646160000004
-78.27328239999925,39.850646160000004
-78.27404359999925,39.850646160000004
-78.27480479999925,39.850646160000004
-78.27556599999924,39.850646160000004
-78.27632719999924,39.850646160000004
-78.27708839999924,39.850646160000004
-78.27784959999924,39.850646160000004
-78.27861079999924,39.850646160000004
-78.27937199999924,39.850646160000004
-78.28013319999924,39.850646160000004
-78.28089439999924,39.850646160000004
-78.28165559999924,39.850646160000004
-78.28241679999924,39.850646160000004
-78.28317799999924,39.850646160000004
-78.28393919999924,39.850646160000004
-78.28470039999924,39.850646160000004
-78.28546159999924,39.850646160000004
-78.28622279999924,39.850646160000004
-78.28698399999924,39.850646160000004
-78.28774519999924,39.850646160000004
-78.28850639999924,39.850646160000004
-78.28926759999923,39.850646160000004
-78.29002879999923,39.850646160000004
-78.29078999999923,39.850646160000004
-78.29155119999923,39.850646160000004
-78.29231239999923,39.850646160000004
-78.29307359999923,39.850646160000004
-78.29383479999923,39.850646160000004
-78.29459599999923,39.850646160000004
-78.29535719999923,39.850646160000004
-78.29611839999923,39.850646160000004
-78.29687959999923,39.850646160000004
-78.29764079999923,39.850646160000004
-78.29840199999923,39.850646160000004
-78.29916319999923,39.850646160000004
-78.29992439999923,39.850646160000004
-78.30068559999923,39.850646160000004
-78.30144679999923,39.850646160000004
-78.30220799999923,39.850646160000004
-78.30296919999923,39.850646160000004
-78.30373039999922,39.850646160000004
-78.30449159999922,39.850646160000004
-78.30525279999922,39.850646160000004
-78.30601399999922,39.850646160000004
-78.30677519999922,39.850646160000004
-78.30753639999922,39.850646160000004
-78.30829759999922,39.850646160000004
-78.30905879999922,39.850646160000004
-78.30981999999922,39.850646160000004
-78.31058119999922,39.850646160000004
-78.31134239999922,39.850646160000004
-78.31210359999922,39.850646160000004
-78.31286479999922,39.850646160000004
-78.31362599999922,39.850646160000004
-78.31438719999922,39.850646160000004
-78.31514839999922,39.850646160000004
-78.31590959999922,39.850646160000004
-78.31667079999922,39.850646160000004
-78.31743199999922,39.850646160000004
-78.31819319999921,39.850646160000004
-78.31895439999921,39.850646160000004
-78.31971559999921,39.850646160000004
-78.32047679999921,39.850646160000004
-78.32123799999921,39.850646160000004
-78.32199919999921,39.850646160000004
-78.32276039999921,39.850646160000004
-78.32352159999921,39.850646160000004
-78.32428279999921,39.850646160000004
-78.32504399999921,39.850646160000004
-78.32580519999921,39.850646160000004
-78.32656639999921,39.850646160000004
-78.32732759999921,39.850646160000004
-78.32808879999921,39.850646160000004
-78.3288499999992,39.850646160000004
-78.3296111999992,39.850646160000004
-78.3303723999992,39.850646160000004
-78.3311335999992,39.850646160000004
-78.3318947999992,39.850646160000004
-78.3326559999992,39.850646160000004
-78.3334171999992,39.850646160000004
-78.3341783999992,39.850646160000004
-78.3349395999992,39.850646160000004
-78.3357007999992,39.850646160000004
-78.3364619999992,39.850646160000004
-78.3364619999992,39.850061600000004
-78.3372231999992,39.850061600000004
-78.3379843999992,39.850061600000004
-78.3387455999992,39.850061600000004
-78.3395067999992,39.850061600000004
-78.3402679999992,39.850061600000004
-78.3410291999992,39.850061600000004
-78.3417903999992,39.850061600000004
-78.3425515999992,39.850061600000004
-78.3433127999992,39.850061600000004
-78.3440739999992,39.850061600000004
-78.3448351999992,39.850061600000004
-78.3455963999992,39.850061600000004
-78.3463575999992,39.850061600000004
-78.3471187999992,39.850061600000004
-78.3478799999992,39.850061600000004
-78.3486411999992,39.850061600000004
-78.34940239999919,39.850061600000004
-78.35016359999919,39.850061600000004
-78.35092479999919,39.850061600000004
-78.35168599999919,39.850061600000004
-78.35244719999919,39.850061600000004
-78.35320839999919,39.850061600000004
-78.35396959999919,39.850061600000004
-78.35473079999919,39.850061600000004
-78.35549199999919,39.850061600000004
-78.35625319999919,39.850061600000004
-78.35701439999919,39.850061600000004
-78.35777559999919,39.850061600000004
-78.35853679999919,39.850061600000004
-78.35929799999919,39.850061600000004
-78.36005919999918,39.850061600000004
-78.36082039999918,39.850061600000004
-78.36158159999918,39.850061600000004
-78.36234279999918,39.850061600000004
-78.36310399999918,39.850061600000004
-78.36386519999918,39.850061600000004
-78.36462639999918,39.850061600000004
-78.36538759999918,39.850061600000004
-78.36614879999918,39.850061600000004
-78.36690999999918,39.850061600000004
-78.36767119999918,39.850061600000004
-78.36843239999918,39.850061600000004
-78.36919359999918,39.850061600000004
-78.36995479999918,39.850061600000004
-78.37071599999918,39.850061600000004
-78.37147719999918,39.850061600000004
-78.37223839999918,39.850061600000004
-78.37299959999918,39.850061600000004
-78.37376079999918,39.850061600000004
-78.37452199999917,39.850061600000004
-78.37528319999917,39.850061600000004
-78.37604439999917,39.850061600000004
-78.37680559999917,39.850061600000004
-78.37756679999917,39.850061600000004
-78.37832799999917,39.850061600000004
-78.37908919999917,39.850061600000004
-78.37985039999917,39.850061600000004
-78.38061159999917,39.850061600000004
-78.38137279999917,39.850061600000004
-78.38213399999917,39.850061600000004
-78.38289519999917,39.850061600000004
-78.38365639999917,39.850061600000004
-78.38441759999917,39.850061600000004
-78.38517879999917,39.850061600000004
-78.38593999999917,39.850061600000004
-78.38670119999917,39.850061600000004
-78.38746239999917,39.850061600000004
-78.38822359999917,39.850061600000004
-78.38898479999916,39.850061600000004
-78.38974599999916,39.850061600000004
-78.39050719999916,39.850061600000004
-78.39126839999916,39.850061600000004
-78.39202959999916,39.850061600000004
-78.39279079999916,39.850061600000004
-78.39355199999916,39.850061600000004
-78.39431319999916,39.850061600000004
-78.39507439999916,39.850061600000004
-78.39583559999916,39.850061600000004
-78.39659679999916,39.850061600000004
-78.39735799999916,39.850061600000004
-78.39811919999916,39.850061600000004
-78.39888039999916,39.850061600000004
-78.39964159999916,39.850061600000004
-78.40040279999916,39.850061600000004
-78.40116399999916,39.850061600000004
-78.40192519999916,39.850061600000004
-78.40268639999915,39.850061600000004
-78.40344759999915,39.850061600000004
-78.40420879999915,39.850061600000004
-78.40496999999915,39.850061600000004
-78.40573119999915,39.850061600000004
-78.40649239999915,39.850061600000004
-78.40725359999915,39.850061600000004
-78.40801479999915,39.850061600000004
-78.40877599999915,39.850061600000004
-78.40953719999915,39.850061600000004
-78.41029839999915,39.850061600000004
-78.41105959999915,39.850061600000004
-78.41182079999915,39.850061600000004
