-50 41
-50 40
-49 40
-48 40
-48 39
-47 39
-46 39
-46 38
-45 38
-44 38
-43 38
-43 37
-42 37
-41 37
-41 36
-40 36
-39 36
-38 35
-37 35
-36 34
-35 34
-34 33
-33 33
-32 32
-31 32
-31 31
-30 31
-29 31
-29 30
-28 30
-27 30
-27 29
-26 29
-25 28
-24 28
-24 27
-23 27
-23 26
-22 26
-21 25
-20 25
-20 24
-19 24
-19 23
-18 23
-17 23
-17 22
-16 22
-16 21
-15 21
-14 21
-14 20
-13 20
-13 19
-12 19
-11 18
-10 18
-10 17
-9 17
-9 16
-8 16
-7 15
-6 15
-6 14
-5 14
-5 13
-4 13
-3 12
-2 12
-2 11
-1 11
0 10
1 9
2 9
3 8
4 8
4 7
5 7
6 7
7 7
8 6
9 6
10 5
11 5
12 5
13 5
14 5
15 5
16 5
